  -9.00000000      -9.00000000       0.00000000      0.193054989    
  -8.00000000      -9.00000000       0.00000000      0.379754901    
  -7.00000000      -9.00000000       0.00000000      0.554256499    
  -6.00000000      -9.00000000       0.00000000      0.711646318    
  -5.00000000      -9.00000000       0.00000000      0.848193645    
  -4.00000000      -9.00000000       0.00000000      0.961404562    
  -3.00000000      -9.00000000       0.00000000       1.04988790    
  -2.00000000      -9.00000000       0.00000000       1.11308229    
  -1.00000000      -9.00000000       0.00000000       1.15092051    
   0.00000000      -9.00000000       0.00000000       1.16351211    
   1.00000000      -9.00000000       0.00000000       1.15092051    
   2.00000000      -9.00000000       0.00000000       1.11308229    
   3.00000000      -9.00000000       0.00000000       1.04988790    
   4.00000000      -9.00000000       0.00000000      0.961404502    
   5.00000000      -9.00000000       0.00000000      0.848193645    
   6.00000000      -9.00000000       0.00000000      0.711646318    
   7.00000000      -9.00000000       0.00000000      0.554256499    
   8.00000000      -9.00000000       0.00000000      0.379754901    
   9.00000000      -9.00000000       0.00000000      0.193054989    

  -9.00000000      -8.00000000       0.00000000      0.379754901    
  -8.00000000      -8.00000000       0.00000000      0.747017384    
  -7.00000000      -8.00000000       0.00000000       1.09029961    
  -6.00000000      -8.00000000       0.00000000       1.39993930    
  -5.00000000      -8.00000000       0.00000000       1.66859615    
  -4.00000000      -8.00000000       0.00000000       1.89135861    
  -3.00000000      -8.00000000       0.00000000       2.06548071    
  -2.00000000      -8.00000000       0.00000000       2.18984842    
  -1.00000000      -8.00000000       0.00000000       2.26431918    
   0.00000000      -8.00000000       0.00000000       2.28910208    
   1.00000000      -8.00000000       0.00000000       2.26431918    
   2.00000000      -8.00000000       0.00000000       2.18984842    
   3.00000000      -8.00000000       0.00000000       2.06548071    
   4.00000000      -8.00000000       0.00000000       1.89135861    
   5.00000000      -8.00000000       0.00000000       1.66859615    
   6.00000000      -8.00000000       0.00000000       1.39993930    
   7.00000000      -8.00000000       0.00000000       1.09029949    
   8.00000000      -8.00000000       0.00000000      0.747017324    
   9.00000000      -8.00000000       0.00000000      0.379754901    

  -9.00000000      -7.00000000       0.00000000      0.554256499    
  -8.00000000      -7.00000000       0.00000000       1.09029961    
  -7.00000000      -7.00000000       0.00000000       1.59137750    
  -6.00000000      -7.00000000       0.00000000       2.04339457    
  -5.00000000      -7.00000000       0.00000000       2.43563390    
  -4.00000000      -7.00000000       0.00000000       2.76091313    
  -3.00000000      -7.00000000       0.00000000       3.01520371    
  -2.00000000      -7.00000000       0.00000000       3.19685507    
  -1.00000000      -7.00000000       0.00000000       3.30563784    
   0.00000000      -7.00000000       0.00000000       3.34184098    
   1.00000000      -7.00000000       0.00000000       3.30563784    
   2.00000000      -7.00000000       0.00000000       3.19685507    
   3.00000000      -7.00000000       0.00000000       3.01520371    
   4.00000000      -7.00000000       0.00000000       2.76091313    
   5.00000000      -7.00000000       0.00000000       2.43563390    
   6.00000000      -7.00000000       0.00000000       2.04339457    
   7.00000000      -7.00000000       0.00000000       1.59137750    
   8.00000000      -7.00000000       0.00000000       1.09029949    
   9.00000000      -7.00000000       0.00000000      0.554256439    

  -9.00000000      -6.00000000       0.00000000      0.711646318    
  -8.00000000      -6.00000000       0.00000000       1.39993930    
  -7.00000000      -6.00000000       0.00000000       2.04339457    
  -6.00000000      -6.00000000       0.00000000       2.62392449    
  -5.00000000      -6.00000000       0.00000000       3.12776256    
  -4.00000000      -6.00000000       0.00000000       3.54566479    
  -3.00000000      -6.00000000       0.00000000       3.87242389    
  -2.00000000      -6.00000000       0.00000000       4.10588121    
  -1.00000000      -6.00000000       0.00000000       4.24570513    
   0.00000000      -6.00000000       0.00000000       4.29224253    
   1.00000000      -6.00000000       0.00000000       4.24570513    
   2.00000000      -6.00000000       0.00000000       4.10588121    
   3.00000000      -6.00000000       0.00000000       3.87242389    
   4.00000000      -6.00000000       0.00000000       3.54566479    
   5.00000000      -6.00000000       0.00000000       3.12776256    
   6.00000000      -6.00000000       0.00000000       2.62392449    
   7.00000000      -6.00000000       0.00000000       2.04339457    
   8.00000000      -6.00000000       0.00000000       1.39993918    
   9.00000000      -6.00000000       0.00000000      0.711646318    

  -9.00000000      -5.00000000       0.00000000      0.848193645    
  -8.00000000      -5.00000000       0.00000000       1.66859615    
  -7.00000000      -5.00000000       0.00000000       2.43563390    
  -6.00000000      -5.00000000       0.00000000       3.12776256    
  -5.00000000      -5.00000000       0.00000000       3.72856641    
  -4.00000000      -5.00000000       0.00000000       4.22699690    
  -3.00000000      -5.00000000       0.00000000       4.61680174    
  -2.00000000      -5.00000000       0.00000000       4.89535427    
  -1.00000000      -5.00000000       0.00000000       5.06221056    
   0.00000000      -5.00000000       0.00000000       5.11774874    
   1.00000000      -5.00000000       0.00000000       5.06221056    
   2.00000000      -5.00000000       0.00000000       4.89535427    
   3.00000000      -5.00000000       0.00000000       4.61680174    
   4.00000000      -5.00000000       0.00000000       4.22699690    
   5.00000000      -5.00000000       0.00000000       3.72856641    
   6.00000000      -5.00000000       0.00000000       3.12776256    
   7.00000000      -5.00000000       0.00000000       2.43563390    
   8.00000000      -5.00000000       0.00000000       1.66859615    
   9.00000000      -5.00000000       0.00000000      0.848193586    

  -9.00000000      -4.00000000       0.00000000      0.961404562    
  -8.00000000      -4.00000000       0.00000000       1.89135861    
  -7.00000000      -4.00000000       0.00000000       2.76091313    
  -6.00000000      -4.00000000       0.00000000       3.54566479    
  -5.00000000      -4.00000000       0.00000000       4.22699690    
  -4.00000000      -4.00000000       0.00000000       4.79235172    
  -3.00000000      -4.00000000       0.00000000       5.23458815    
  -2.00000000      -4.00000000       0.00000000       5.55066776    
  -1.00000000      -4.00000000       0.00000000       5.74002981    
   0.00000000      -4.00000000       0.00000000       5.80306435    
   1.00000000      -4.00000000       0.00000000       5.74002981    
   2.00000000      -4.00000000       0.00000000       5.55066776    
   3.00000000      -4.00000000       0.00000000       5.23458815    
   4.00000000      -4.00000000       0.00000000       4.79235172    
   5.00000000      -4.00000000       0.00000000       4.22699690    
   6.00000000      -4.00000000       0.00000000       3.54566479    
   7.00000000      -4.00000000       0.00000000       2.76091313    
   8.00000000      -4.00000000       0.00000000       1.89135861    
   9.00000000      -4.00000000       0.00000000      0.961404502    

  -9.00000000      -3.00000000       0.00000000       1.04988790    
  -8.00000000      -3.00000000       0.00000000       2.06548071    
  -7.00000000      -3.00000000       0.00000000       3.01520371    
  -6.00000000      -3.00000000       0.00000000       3.87242389    
  -5.00000000      -3.00000000       0.00000000       4.61680174    
  -4.00000000      -3.00000000       0.00000000       5.23458815    
  -3.00000000      -3.00000000       0.00000000       5.71793079    
  -2.00000000      -3.00000000       0.00000000       6.06345034    
  -1.00000000      -3.00000000       0.00000000       6.27047729    
   0.00000000      -3.00000000       0.00000000       6.33939648    
   1.00000000      -3.00000000       0.00000000       6.27047729    
   2.00000000      -3.00000000       0.00000000       6.06345034    
   3.00000000      -3.00000000       0.00000000       5.71793079    
   4.00000000      -3.00000000       0.00000000       5.23458815    
   5.00000000      -3.00000000       0.00000000       4.61680174    
   6.00000000      -3.00000000       0.00000000       3.87242389    
   7.00000000      -3.00000000       0.00000000       3.01520371    
   8.00000000      -3.00000000       0.00000000       2.06548071    
   9.00000000      -3.00000000       0.00000000       1.04988790    

  -9.00000000      -2.00000000       0.00000000       1.11308229    
  -8.00000000      -2.00000000       0.00000000       2.18984842    
  -7.00000000      -2.00000000       0.00000000       3.19685507    
  -6.00000000      -2.00000000       0.00000000       4.10588121    
  -5.00000000      -2.00000000       0.00000000       4.89535427    
  -4.00000000      -2.00000000       0.00000000       5.55066776    
  -3.00000000      -2.00000000       0.00000000       6.06345034    
  -2.00000000      -2.00000000       0.00000000       6.43006611    
  -1.00000000      -2.00000000       0.00000000       6.64975643    
   0.00000000      -2.00000000       0.00000000       6.72289562    
   1.00000000      -2.00000000       0.00000000       6.64975643    
   2.00000000      -2.00000000       0.00000000       6.43006611    
   3.00000000      -2.00000000       0.00000000       6.06345034    
   4.00000000      -2.00000000       0.00000000       5.55066776    
   5.00000000      -2.00000000       0.00000000       4.89535427    
   6.00000000      -2.00000000       0.00000000       4.10588121    
   7.00000000      -2.00000000       0.00000000       3.19685507    
   8.00000000      -2.00000000       0.00000000       2.18984842    
   9.00000000      -2.00000000       0.00000000       1.11308229    

  -9.00000000      -1.00000000       0.00000000       1.15092051    
  -8.00000000      -1.00000000       0.00000000       2.26431918    
  -7.00000000      -1.00000000       0.00000000       3.30563784    
  -6.00000000      -1.00000000       0.00000000       4.24570513    
  -5.00000000      -1.00000000       0.00000000       5.06221056    
  -4.00000000      -1.00000000       0.00000000       5.74002981    
  -3.00000000      -1.00000000       0.00000000       6.27047729    
  -2.00000000      -1.00000000       0.00000000       6.64975643    
  -1.00000000      -1.00000000       0.00000000       6.87705088    
   0.00000000      -1.00000000       0.00000000       6.95272446    
   1.00000000      -1.00000000       0.00000000       6.87705088    
   2.00000000      -1.00000000       0.00000000       6.64975643    
   3.00000000      -1.00000000       0.00000000       6.27047729    
   4.00000000      -1.00000000       0.00000000       5.74002981    
   5.00000000      -1.00000000       0.00000000       5.06221056    
   6.00000000      -1.00000000       0.00000000       4.24570513    
   7.00000000      -1.00000000       0.00000000       3.30563784    
   8.00000000      -1.00000000       0.00000000       2.26431894    
   9.00000000      -1.00000000       0.00000000       1.15092051    

  -9.00000000       0.00000000       0.00000000       1.16351211    
  -8.00000000       0.00000000       0.00000000       2.28910208    
  -7.00000000       0.00000000       0.00000000       3.34184098    
  -6.00000000       0.00000000       0.00000000       4.29224253    
  -5.00000000       0.00000000       0.00000000       5.11774874    
  -4.00000000       0.00000000       0.00000000       5.80306435    
  -3.00000000       0.00000000       0.00000000       6.33939648    
  -2.00000000       0.00000000       0.00000000       6.72289562    
  -1.00000000       0.00000000       0.00000000       6.95272446    
   0.00000000       0.00000000       0.00000000       7.02924299    
   1.00000000       0.00000000       0.00000000       6.95272446    
   2.00000000       0.00000000       0.00000000       6.72289562    
   3.00000000       0.00000000       0.00000000       6.33939648    
   4.00000000       0.00000000       0.00000000       5.80306435    
   5.00000000       0.00000000       0.00000000       5.11774874    
   6.00000000       0.00000000       0.00000000       4.29224253    
   7.00000000       0.00000000       0.00000000       3.34184098    
   8.00000000       0.00000000       0.00000000       2.28910184    
   9.00000000       0.00000000       0.00000000       1.16351211    

  -9.00000000       1.00000000       0.00000000       1.15092051    
  -8.00000000       1.00000000       0.00000000       2.26431918    
  -7.00000000       1.00000000       0.00000000       3.30563784    
  -6.00000000       1.00000000       0.00000000       4.24570513    
  -5.00000000       1.00000000       0.00000000       5.06221056    
  -4.00000000       1.00000000       0.00000000       5.74002981    
  -3.00000000       1.00000000       0.00000000       6.27047729    
  -2.00000000       1.00000000       0.00000000       6.64975643    
  -1.00000000       1.00000000       0.00000000       6.87705088    
   0.00000000       1.00000000       0.00000000       6.95272446    
   1.00000000       1.00000000       0.00000000       6.87705088    
   2.00000000       1.00000000       0.00000000       6.64975643    
   3.00000000       1.00000000       0.00000000       6.27047729    
   4.00000000       1.00000000       0.00000000       5.74002981    
   5.00000000       1.00000000       0.00000000       5.06221056    
   6.00000000       1.00000000       0.00000000       4.24570560    
   7.00000000       1.00000000       0.00000000       3.30563784    
   8.00000000       1.00000000       0.00000000       2.26431894    
   9.00000000       1.00000000       0.00000000       1.15092051    

  -9.00000000       2.00000000       0.00000000       1.11308229    
  -8.00000000       2.00000000       0.00000000       2.18984842    
  -7.00000000       2.00000000       0.00000000       3.19685507    
  -6.00000000       2.00000000       0.00000000       4.10588121    
  -5.00000000       2.00000000       0.00000000       4.89535427    
  -4.00000000       2.00000000       0.00000000       5.55066776    
  -3.00000000       2.00000000       0.00000000       6.06345034    
  -2.00000000       2.00000000       0.00000000       6.43006611    
  -1.00000000       2.00000000       0.00000000       6.64975643    
   0.00000000       2.00000000       0.00000000       6.72289562    
   1.00000000       2.00000000       0.00000000       6.64975643    
   2.00000000       2.00000000       0.00000000       6.43006611    
   3.00000000       2.00000000       0.00000000       6.06345034    
   4.00000000       2.00000000       0.00000000       5.55066776    
   5.00000000       2.00000000       0.00000000       4.89535427    
   6.00000000       2.00000000       0.00000000       4.10588121    
   7.00000000       2.00000000       0.00000000       3.19685507    
   8.00000000       2.00000000       0.00000000       2.18984842    
   9.00000000       2.00000000       0.00000000       1.11308229    

  -9.00000000       3.00000000       0.00000000       1.04988790    
  -8.00000000       3.00000000       0.00000000       2.06548071    
  -7.00000000       3.00000000       0.00000000       3.01520371    
  -6.00000000       3.00000000       0.00000000       3.87242389    
  -5.00000000       3.00000000       0.00000000       4.61680174    
  -4.00000000       3.00000000       0.00000000       5.23458815    
  -3.00000000       3.00000000       0.00000000       5.71793079    
  -2.00000000       3.00000000       0.00000000       6.06345034    
  -1.00000000       3.00000000       0.00000000       6.27047729    
   0.00000000       3.00000000       0.00000000       6.33939648    
   1.00000000       3.00000000       0.00000000       6.27047729    
   2.00000000       3.00000000       0.00000000       6.06345034    
   3.00000000       3.00000000       0.00000000       5.71793079    
   4.00000000       3.00000000       0.00000000       5.23458815    
   5.00000000       3.00000000       0.00000000       4.61680174    
   6.00000000       3.00000000       0.00000000       3.87242389    
   7.00000000       3.00000000       0.00000000       3.01520371    
   8.00000000       3.00000000       0.00000000       2.06548071    
   9.00000000       3.00000000       0.00000000       1.04988790    

  -9.00000000       4.00000000       0.00000000      0.961404502    
  -8.00000000       4.00000000       0.00000000       1.89135861    
  -7.00000000       4.00000000       0.00000000       2.76091313    
  -6.00000000       4.00000000       0.00000000       3.54566479    
  -5.00000000       4.00000000       0.00000000       4.22699690    
  -4.00000000       4.00000000       0.00000000       4.79235172    
  -3.00000000       4.00000000       0.00000000       5.23458815    
  -2.00000000       4.00000000       0.00000000       5.55066776    
  -1.00000000       4.00000000       0.00000000       5.74002981    
   0.00000000       4.00000000       0.00000000       5.80306435    
   1.00000000       4.00000000       0.00000000       5.74002981    
   2.00000000       4.00000000       0.00000000       5.55066776    
   3.00000000       4.00000000       0.00000000       5.23458815    
   4.00000000       4.00000000       0.00000000       4.79235172    
   5.00000000       4.00000000       0.00000000       4.22699690    
   6.00000000       4.00000000       0.00000000       3.54566479    
   7.00000000       4.00000000       0.00000000       2.76091313    
   8.00000000       4.00000000       0.00000000       1.89135861    
   9.00000000       4.00000000       0.00000000      0.961404502    

  -9.00000000       5.00000000       0.00000000      0.848193645    
  -8.00000000       5.00000000       0.00000000       1.66859615    
  -7.00000000       5.00000000       0.00000000       2.43563390    
  -6.00000000       5.00000000       0.00000000       3.12776256    
  -5.00000000       5.00000000       0.00000000       3.72856641    
  -4.00000000       5.00000000       0.00000000       4.22699690    
  -3.00000000       5.00000000       0.00000000       4.61680174    
  -2.00000000       5.00000000       0.00000000       4.89535427    
  -1.00000000       5.00000000       0.00000000       5.06221056    
   0.00000000       5.00000000       0.00000000       5.11774874    
   1.00000000       5.00000000       0.00000000       5.06221056    
   2.00000000       5.00000000       0.00000000       4.89535427    
   3.00000000       5.00000000       0.00000000       4.61680174    
   4.00000000       5.00000000       0.00000000       4.22699690    
   5.00000000       5.00000000       0.00000000       3.72856641    
   6.00000000       5.00000000       0.00000000       3.12776256    
   7.00000000       5.00000000       0.00000000       2.43563390    
   8.00000000       5.00000000       0.00000000       1.66859615    
   9.00000000       5.00000000       0.00000000      0.848193586    

  -9.00000000       6.00000000       0.00000000      0.711646318    
  -8.00000000       6.00000000       0.00000000       1.39993930    
  -7.00000000       6.00000000       0.00000000       2.04339457    
  -6.00000000       6.00000000       0.00000000       2.62392449    
  -5.00000000       6.00000000       0.00000000       3.12776256    
  -4.00000000       6.00000000       0.00000000       3.54566479    
  -3.00000000       6.00000000       0.00000000       3.87242389    
  -2.00000000       6.00000000       0.00000000       4.10588121    
  -1.00000000       6.00000000       0.00000000       4.24570513    
   0.00000000       6.00000000       0.00000000       4.29224253    
   1.00000000       6.00000000       0.00000000       4.24570560    
   2.00000000       6.00000000       0.00000000       4.10588121    
   3.00000000       6.00000000       0.00000000       3.87242389    
   4.00000000       6.00000000       0.00000000       3.54566479    
   5.00000000       6.00000000       0.00000000       3.12776256    
   6.00000000       6.00000000       0.00000000       2.62392449    
   7.00000000       6.00000000       0.00000000       2.04339457    
   8.00000000       6.00000000       0.00000000       1.39993918    
   9.00000000       6.00000000       0.00000000      0.711646259    

  -9.00000000       7.00000000       0.00000000      0.554256499    
  -8.00000000       7.00000000       0.00000000       1.09029949    
  -7.00000000       7.00000000       0.00000000       1.59137750    
  -6.00000000       7.00000000       0.00000000       2.04339457    
  -5.00000000       7.00000000       0.00000000       2.43563390    
  -4.00000000       7.00000000       0.00000000       2.76091313    
  -3.00000000       7.00000000       0.00000000       3.01520371    
  -2.00000000       7.00000000       0.00000000       3.19685507    
  -1.00000000       7.00000000       0.00000000       3.30563784    
   0.00000000       7.00000000       0.00000000       3.34184098    
   1.00000000       7.00000000       0.00000000       3.30563784    
   2.00000000       7.00000000       0.00000000       3.19685507    
   3.00000000       7.00000000       0.00000000       3.01520371    
   4.00000000       7.00000000       0.00000000       2.76091313    
   5.00000000       7.00000000       0.00000000       2.43563390    
   6.00000000       7.00000000       0.00000000       2.04339457    
   7.00000000       7.00000000       0.00000000       1.59137750    
   8.00000000       7.00000000       0.00000000       1.09029949    
   9.00000000       7.00000000       0.00000000      0.554256439    

  -9.00000000       8.00000000       0.00000000      0.379754901    
  -8.00000000       8.00000000       0.00000000      0.747017324    
  -7.00000000       8.00000000       0.00000000       1.09029949    
  -6.00000000       8.00000000       0.00000000       1.39993918    
  -5.00000000       8.00000000       0.00000000       1.66859615    
  -4.00000000       8.00000000       0.00000000       1.89135861    
  -3.00000000       8.00000000       0.00000000       2.06548071    
  -2.00000000       8.00000000       0.00000000       2.18984842    
  -1.00000000       8.00000000       0.00000000       2.26431894    
   0.00000000       8.00000000       0.00000000       2.28910184    
   1.00000000       8.00000000       0.00000000       2.26431894    
   2.00000000       8.00000000       0.00000000       2.18984842    
   3.00000000       8.00000000       0.00000000       2.06548071    
   4.00000000       8.00000000       0.00000000       1.89135861    
   5.00000000       8.00000000       0.00000000       1.66859615    
   6.00000000       8.00000000       0.00000000       1.39993918    
   7.00000000       8.00000000       0.00000000       1.09029949    
   8.00000000       8.00000000       0.00000000      0.747017384    
   9.00000000       8.00000000       0.00000000      0.379754931    

  -9.00000000       9.00000000       0.00000000      0.193054989    
  -8.00000000       9.00000000       0.00000000      0.379754901    
  -7.00000000       9.00000000       0.00000000      0.554256439    
  -6.00000000       9.00000000       0.00000000      0.711646318    
  -5.00000000       9.00000000       0.00000000      0.848193586    
  -4.00000000       9.00000000       0.00000000      0.961404502    
  -3.00000000       9.00000000       0.00000000       1.04988790    
  -2.00000000       9.00000000       0.00000000       1.11308229    
  -1.00000000       9.00000000       0.00000000       1.15092051    
   0.00000000       9.00000000       0.00000000       1.16351211    
   1.00000000       9.00000000       0.00000000       1.15092051    
   2.00000000       9.00000000       0.00000000       1.11308229    
   3.00000000       9.00000000       0.00000000       1.04988790    
   4.00000000       9.00000000       0.00000000      0.961404502    
   5.00000000       9.00000000       0.00000000      0.848193586    
   6.00000000       9.00000000       0.00000000      0.711646259    
   7.00000000       9.00000000       0.00000000      0.554256439    
   8.00000000       9.00000000       0.00000000      0.379754931    
   9.00000000       9.00000000       0.00000000      0.193054989    













  -7.00000000      -9.00000000       0.00000000      0.554256499    
  -7.00000000      -8.00000000       0.00000000       1.09029961    
  -7.00000000      -7.00000000       0.00000000       1.59137750    
  -7.00000000      -6.00000000       0.00000000       2.04339457    
  -7.00000000      -5.00000000       0.00000000       2.43563390    
  -7.00000000      -4.00000000       0.00000000       2.76091313    
  -7.00000000      -3.00000000       0.00000000       3.01520371    
  -7.00000000      -2.00000000       0.00000000       3.19685507    
  -7.00000000      -1.00000000       0.00000000       3.30563784    
  -7.00000000       0.00000000       0.00000000       3.34184098    
  -7.00000000       1.00000000       0.00000000       3.30563784    
  -7.00000000       2.00000000       0.00000000       3.19685507    
  -7.00000000       3.00000000       0.00000000       3.01520371    
  -7.00000000       4.00000000       0.00000000       2.76091313    
  -7.00000000       5.00000000       0.00000000       2.43563390    
  -7.00000000       6.00000000       0.00000000       2.04339457    
  -7.00000000       7.00000000       0.00000000       1.59137750    
  -7.00000000       8.00000000       0.00000000       1.09029949    
  -7.00000000       9.00000000       0.00000000      0.554256439    

  -7.00000000      -9.00000000       1.00000000      0.548281133    
  -7.00000000      -8.00000000       1.00000000       1.07854128    
  -7.00000000      -7.00000000       1.00000000       1.57420635    
  -7.00000000      -6.00000000       1.00000000       2.02133131    
  -7.00000000      -5.00000000       1.00000000       2.40931535    
  -7.00000000      -4.00000000       1.00000000       2.73105669    
  -7.00000000      -3.00000000       1.00000000       2.98257422    
  -7.00000000      -2.00000000       1.00000000       3.16224003    
  -7.00000000      -1.00000000       1.00000000       3.26983118    
  -7.00000000       0.00000000       1.00000000       3.30563784    
  -7.00000000       1.00000000       1.00000000       3.26983118    
  -7.00000000       2.00000000       1.00000000       3.16224003    
  -7.00000000       3.00000000       1.00000000       2.98257422    
  -7.00000000       4.00000000       1.00000000       2.73105669    
  -7.00000000       5.00000000       1.00000000       2.40931535    
  -7.00000000       6.00000000       1.00000000       2.02133131    
  -7.00000000       7.00000000       1.00000000       1.57420623    
  -7.00000000       8.00000000       1.00000000       1.07854128    
  -7.00000000       9.00000000       1.00000000      0.548281133    

  -7.00000000      -9.00000000       2.00000000      0.530319273    
  -7.00000000      -8.00000000       2.00000000       1.04319692    
  -7.00000000      -7.00000000       2.00000000       1.52259374    
  -7.00000000      -6.00000000       2.00000000       1.95501769    
  -7.00000000      -5.00000000       2.00000000       2.33021760    
  -7.00000000      -4.00000000       2.00000000       2.64133143    
  -7.00000000      -3.00000000       2.00000000       2.88452101    
  -7.00000000      -2.00000000       2.00000000       3.05822492    
  -7.00000000      -1.00000000       2.00000000       3.16224003    
  -7.00000000       0.00000000       2.00000000       3.19685507    
  -7.00000000       1.00000000       2.00000000       3.16224003    
  -7.00000000       2.00000000       2.00000000       3.05822492    
  -7.00000000       3.00000000       2.00000000       2.88452101    
  -7.00000000       4.00000000       2.00000000       2.64133143    
  -7.00000000       5.00000000       2.00000000       2.33021760    
  -7.00000000       6.00000000       2.00000000       1.95501769    
  -7.00000000       7.00000000       2.00000000       1.52259374    
  -7.00000000       8.00000000       2.00000000       1.04319692    
  -7.00000000       9.00000000       2.00000000      0.530319214    

  -7.00000000      -9.00000000       3.00000000      0.500303090    
  -7.00000000      -8.00000000       3.00000000      0.984136045    
  -7.00000000      -7.00000000       3.00000000       1.43635511    
  -7.00000000      -6.00000000       3.00000000       1.84422696    
  -7.00000000      -5.00000000       3.00000000       2.19808340    
  -7.00000000      -4.00000000       3.00000000       2.49146247    
  -7.00000000      -3.00000000       3.00000000       2.72075915    
  -7.00000000      -2.00000000       3.00000000       2.88452101    
  -7.00000000      -1.00000000       3.00000000       2.98257422    
  -7.00000000       0.00000000       3.00000000       3.01520371    
  -7.00000000       1.00000000       3.00000000       2.98257422    
  -7.00000000       2.00000000       3.00000000       2.88452101    
  -7.00000000       3.00000000       3.00000000       2.72075915    
  -7.00000000       4.00000000       3.00000000       2.49146223    
  -7.00000000       5.00000000       3.00000000       2.19808340    
  -7.00000000       6.00000000       3.00000000       1.84422696    
  -7.00000000       7.00000000       3.00000000       1.43635511    
  -7.00000000       8.00000000       3.00000000      0.984136045    
  -7.00000000       9.00000000       3.00000000      0.500303090    

  -7.00000000      -9.00000000       4.00000000      0.458242953    
  -7.00000000      -8.00000000       4.00000000      0.901382387    
  -7.00000000      -7.00000000       4.00000000       1.31553411    
  -7.00000000      -6.00000000       4.00000000       1.68902910    
  -7.00000000      -5.00000000       4.00000000       2.01301575    
  -7.00000000      -4.00000000       4.00000000       2.28158760    
  -7.00000000      -3.00000000       4.00000000       2.49146223    
  -7.00000000      -2.00000000       4.00000000       2.64133143    
  -7.00000000      -1.00000000       4.00000000       2.73105669    
  -7.00000000       0.00000000       4.00000000       2.76091313    
  -7.00000000       1.00000000       4.00000000       2.73105669    
  -7.00000000       2.00000000       4.00000000       2.64133143    
  -7.00000000       3.00000000       4.00000000       2.49146223    
  -7.00000000       4.00000000       4.00000000       2.28158760    
  -7.00000000       5.00000000       4.00000000       2.01301575    
  -7.00000000       6.00000000       4.00000000       1.68902910    
  -7.00000000       7.00000000       4.00000000       1.31553411    
  -7.00000000       8.00000000       4.00000000      0.901382387    
  -7.00000000       9.00000000       4.00000000      0.458242953    

  -7.00000000      -9.00000000       5.00000000      0.404382646    
  -7.00000000      -8.00000000       5.00000000      0.795419753    
  -7.00000000      -7.00000000       5.00000000       1.16084599    
  -7.00000000      -6.00000000       5.00000000       1.49035811    
  -7.00000000      -5.00000000       5.00000000       1.77614820    
  -7.00000000      -4.00000000       5.00000000       2.01301575    
  -7.00000000      -3.00000000       5.00000000       2.19808340    
  -7.00000000      -2.00000000       5.00000000       2.33021760    
  -7.00000000      -1.00000000       5.00000000       2.40931535    
  -7.00000000       0.00000000       5.00000000       2.43563390    
  -7.00000000       1.00000000       5.00000000       2.40931535    
  -7.00000000       2.00000000       5.00000000       2.33021760    
  -7.00000000       3.00000000       5.00000000       2.19808340    
  -7.00000000       4.00000000       5.00000000       2.01301575    
  -7.00000000       5.00000000       5.00000000       1.77614820    
  -7.00000000       6.00000000       5.00000000       1.49035811    
  -7.00000000       7.00000000       5.00000000       1.16084599    
  -7.00000000       8.00000000       5.00000000      0.795419812    
  -7.00000000       9.00000000       5.00000000      0.404382646    

  -7.00000000      -9.00000000       6.00000000      0.339365244    
  -7.00000000      -8.00000000       6.00000000      0.667516530    
  -7.00000000      -7.00000000       6.00000000      0.974149704    
  -7.00000000      -6.00000000       6.00000000       1.25061357    
  -7.00000000      -5.00000000       6.00000000       1.49035811    
  -7.00000000      -4.00000000       6.00000000       1.68902910    
  -7.00000000      -3.00000000       6.00000000       1.84422696    
  -7.00000000      -2.00000000       6.00000000       1.95501769    
  -7.00000000      -1.00000000       6.00000000       2.02133131    
  -7.00000000       0.00000000       6.00000000       2.04339457    
  -7.00000000       1.00000000       6.00000000       2.02133131    
  -7.00000000       2.00000000       6.00000000       1.95501769    
  -7.00000000       3.00000000       6.00000000       1.84422696    
  -7.00000000       4.00000000       6.00000000       1.68902910    
  -7.00000000       5.00000000       6.00000000       1.49035811    
  -7.00000000       6.00000000       6.00000000       1.25061357    
  -7.00000000       7.00000000       6.00000000      0.974149704    
  -7.00000000       8.00000000       6.00000000      0.667516530    
  -7.00000000       9.00000000       6.00000000      0.339365244    

  -7.00000000      -9.00000000       7.00000000      0.264367074    
  -7.00000000      -8.00000000       7.00000000      0.519988656    
  -7.00000000      -7.00000000       7.00000000      0.758830428    
  -7.00000000      -6.00000000       7.00000000      0.974149704    
  -7.00000000      -5.00000000       7.00000000       1.16084599    
  -7.00000000      -4.00000000       7.00000000       1.31553411    
  -7.00000000      -3.00000000       7.00000000       1.43635511    
  -7.00000000      -2.00000000       7.00000000       1.52259374    
  -7.00000000      -1.00000000       7.00000000       1.57420623    
  -7.00000000       0.00000000       7.00000000       1.59137750    
  -7.00000000       1.00000000       7.00000000       1.57420623    
  -7.00000000       2.00000000       7.00000000       1.52259374    
  -7.00000000       3.00000000       7.00000000       1.43635511    
  -7.00000000       4.00000000       7.00000000       1.31553411    
  -7.00000000       5.00000000       7.00000000       1.16084599    
  -7.00000000       6.00000000       7.00000000      0.974149704    
  -7.00000000       7.00000000       7.00000000      0.758830428    
  -7.00000000       8.00000000       7.00000000      0.519988656    
  -7.00000000       9.00000000       7.00000000      0.264367074    

  -7.00000000      -9.00000000       8.00000000      0.181164399    
  -7.00000000      -8.00000000       8.00000000      0.356330514    
  -7.00000000      -7.00000000       8.00000000      0.519988656    
  -7.00000000      -6.00000000       8.00000000      0.667516530    
  -7.00000000      -5.00000000       8.00000000      0.795419812    
  -7.00000000      -4.00000000       8.00000000      0.901382327    
  -7.00000000      -3.00000000       8.00000000      0.984136045    
  -7.00000000      -2.00000000       8.00000000       1.04319692    
  -7.00000000      -1.00000000       8.00000000       1.07854128    
  -7.00000000       0.00000000       8.00000000       1.09029949    
  -7.00000000       1.00000000       8.00000000       1.07854128    
  -7.00000000       2.00000000       8.00000000       1.04319692    
  -7.00000000       3.00000000       8.00000000      0.984136045    
  -7.00000000       4.00000000       8.00000000      0.901382387    
  -7.00000000       5.00000000       8.00000000      0.795419812    
  -7.00000000       6.00000000       8.00000000      0.667516530    
  -7.00000000       7.00000000       8.00000000      0.519988656    
  -7.00000000       8.00000000       8.00000000      0.356330514    
  -7.00000000       9.00000000       8.00000000      0.181164399    

  -7.00000000      -9.00000000       9.00000000       9.21078622E-02
  -7.00000000      -8.00000000       9.00000000      0.181164399    
  -7.00000000      -7.00000000       9.00000000      0.264367074    
  -7.00000000      -6.00000000       9.00000000      0.339365244    
  -7.00000000      -5.00000000       9.00000000      0.404382646    
  -7.00000000      -4.00000000       9.00000000      0.458242923    
  -7.00000000      -3.00000000       9.00000000      0.500303090    
  -7.00000000      -2.00000000       9.00000000      0.530319214    
  -7.00000000      -1.00000000       9.00000000      0.548281133    
  -7.00000000       0.00000000       9.00000000      0.554256439    
  -7.00000000       1.00000000       9.00000000      0.548281133    
  -7.00000000       2.00000000       9.00000000      0.530319214    
  -7.00000000       3.00000000       9.00000000      0.500303090    
  -7.00000000       4.00000000       9.00000000      0.458242953    
  -7.00000000       5.00000000       9.00000000      0.404382646    
  -7.00000000       6.00000000       9.00000000      0.339365244    
  -7.00000000       7.00000000       9.00000000      0.264367074    
  -7.00000000       8.00000000       9.00000000      0.181164399    
  -7.00000000       9.00000000       9.00000000       9.21078622E-02


  -2.00000000      -9.00000000       0.00000000       1.11308229    
  -2.00000000      -8.00000000       0.00000000       2.18984842    
  -2.00000000      -7.00000000       0.00000000       3.19685507    
  -2.00000000      -6.00000000       0.00000000       4.10588121    
  -2.00000000      -5.00000000       0.00000000       4.89535427    
  -2.00000000      -4.00000000       0.00000000       5.55066776    
  -2.00000000      -3.00000000       0.00000000       6.06345034    
  -2.00000000      -2.00000000       0.00000000       6.43006611    
  -2.00000000      -1.00000000       0.00000000       6.64975643    
  -2.00000000       0.00000000       0.00000000       6.72289562    
  -2.00000000       1.00000000       0.00000000       6.64975643    
  -2.00000000       2.00000000       0.00000000       6.43006611    
  -2.00000000       3.00000000       0.00000000       6.06345034    
  -2.00000000       4.00000000       0.00000000       5.55066776    
  -2.00000000       5.00000000       0.00000000       4.89535427    
  -2.00000000       6.00000000       0.00000000       4.10588121    
  -2.00000000       7.00000000       0.00000000       3.19685507    
  -2.00000000       8.00000000       0.00000000       2.18984842    
  -2.00000000       9.00000000       0.00000000       1.11308229    

  -2.00000000      -9.00000000       1.00000000       1.10104227    
  -2.00000000      -8.00000000       1.00000000       2.16615176    
  -2.00000000      -7.00000000       1.00000000       3.16224003    
  -2.00000000      -6.00000000       1.00000000       4.06138802    
  -2.00000000      -5.00000000       1.00000000       4.84225798    
  -2.00000000      -4.00000000       1.00000000       5.49040842    
  -2.00000000      -3.00000000       1.00000000       5.99756908    
  -2.00000000      -2.00000000       1.00000000       6.36015368    
  -2.00000000      -1.00000000       1.00000000       6.57742357    
  -2.00000000       0.00000000       1.00000000       6.64975643    
  -2.00000000       1.00000000       1.00000000       6.57742357    
  -2.00000000       2.00000000       1.00000000       6.36015368    
  -2.00000000       3.00000000       1.00000000       5.99756908    
  -2.00000000       4.00000000       1.00000000       5.49040842    
  -2.00000000       5.00000000       1.00000000       4.84225798    
  -2.00000000       6.00000000       1.00000000       4.06138802    
  -2.00000000       7.00000000       1.00000000       3.16224003    
  -2.00000000       8.00000000       1.00000000       2.16615176    
  -2.00000000       9.00000000       1.00000000       1.10104227    

  -2.00000000      -9.00000000       2.00000000       1.06485999    
  -2.00000000      -8.00000000       2.00000000       2.09494209    
  -2.00000000      -7.00000000       2.00000000       3.05822492    
  -2.00000000      -6.00000000       2.00000000       3.92769837    
  -2.00000000      -5.00000000       2.00000000       4.68273163    
  -2.00000000      -4.00000000       2.00000000       5.30937529    
  -2.00000000      -3.00000000       2.00000000       5.79965878    
  -2.00000000      -2.00000000       2.00000000       6.15014648    
  -2.00000000      -1.00000000       2.00000000       6.36015368    
  -2.00000000       0.00000000       2.00000000       6.43006611    
  -2.00000000       1.00000000       2.00000000       6.36015368    
  -2.00000000       2.00000000       2.00000000       6.15014648    
  -2.00000000       3.00000000       2.00000000       5.79965878    
  -2.00000000       4.00000000       2.00000000       5.30937529    
  -2.00000000       5.00000000       2.00000000       4.68273163    
  -2.00000000       6.00000000       2.00000000       3.92769837    
  -2.00000000       7.00000000       2.00000000       3.05822492    
  -2.00000000       8.00000000       2.00000000       2.09494209    
  -2.00000000       9.00000000       2.00000000       1.06485999    

  -2.00000000      -9.00000000       3.00000000       1.00442672    
  -2.00000000      -8.00000000       3.00000000       1.97601128    
  -2.00000000      -7.00000000       3.00000000       2.88452101    
  -2.00000000      -6.00000000       3.00000000       3.70446610    
  -2.00000000      -5.00000000       3.00000000       4.41639376    
  -2.00000000      -4.00000000       3.00000000       5.00717258    
  -2.00000000      -3.00000000       3.00000000       5.46932554    
  -2.00000000      -2.00000000       3.00000000       5.79965878    
  -2.00000000      -1.00000000       3.00000000       5.99756908    
  -2.00000000       0.00000000       3.00000000       6.06345034    
  -2.00000000       1.00000000       3.00000000       5.99756908    
  -2.00000000       2.00000000       3.00000000       5.79965878    
  -2.00000000       3.00000000       3.00000000       5.46932554    
  -2.00000000       4.00000000       3.00000000       5.00717258    
  -2.00000000       5.00000000       3.00000000       4.41639376    
  -2.00000000       6.00000000       3.00000000       3.70446610    
  -2.00000000       7.00000000       3.00000000       2.88452101    
  -2.00000000       8.00000000       3.00000000       1.97601128    
  -2.00000000       9.00000000       3.00000000       1.00442672    

  -2.00000000      -9.00000000       4.00000000      0.919801354    
  -2.00000000      -8.00000000       4.00000000       1.80948460    
  -2.00000000      -7.00000000       4.00000000       2.64133143    
  -2.00000000      -6.00000000       4.00000000       3.39198565    
  -2.00000000      -5.00000000       4.00000000       4.04364157    
  -2.00000000      -4.00000000       4.00000000       4.58430386    
  -2.00000000      -3.00000000       4.00000000       5.00717258    
  -2.00000000      -2.00000000       4.00000000       5.30937529    
  -2.00000000      -1.00000000       4.00000000       5.49040842    
  -2.00000000       0.00000000       4.00000000       5.55066776    
  -2.00000000       1.00000000       4.00000000       5.49040842    
  -2.00000000       2.00000000       4.00000000       5.30937529    
  -2.00000000       3.00000000       4.00000000       5.00717258    
  -2.00000000       4.00000000       4.00000000       4.58430386    
  -2.00000000       5.00000000       4.00000000       4.04364109    
  -2.00000000       6.00000000       4.00000000       3.39198565    
  -2.00000000       7.00000000       4.00000000       2.64133167    
  -2.00000000       8.00000000       4.00000000       1.80948460    
  -2.00000000       9.00000000       4.00000000      0.919801354    

  -2.00000000      -9.00000000       5.00000000      0.811514854    
  -2.00000000      -8.00000000       5.00000000       1.59641612    
  -2.00000000      -7.00000000       5.00000000       2.33021760    
  -2.00000000      -6.00000000       5.00000000       2.99229860    
  -2.00000000      -5.00000000       5.00000000       3.56695771    
  -2.00000000      -4.00000000       5.00000000       4.04364109    
  -2.00000000      -3.00000000       5.00000000       4.41639376    
  -2.00000000      -2.00000000       5.00000000       4.68273163    
  -2.00000000      -1.00000000       5.00000000       4.84225798    
  -2.00000000       0.00000000       5.00000000       4.89535427    
  -2.00000000       1.00000000       5.00000000       4.84225798    
  -2.00000000       2.00000000       5.00000000       4.68273163    
  -2.00000000       3.00000000       5.00000000       4.41639376    
  -2.00000000       4.00000000       5.00000000       4.04364109    
  -2.00000000       5.00000000       5.00000000       3.56695771    
  -2.00000000       6.00000000       5.00000000       2.99229860    
  -2.00000000       7.00000000       5.00000000       2.33021760    
  -2.00000000       8.00000000       5.00000000       1.59641612    
  -2.00000000       9.00000000       5.00000000      0.811514854    

  -2.00000000      -9.00000000       6.00000000      0.680893183    
  -2.00000000      -8.00000000       6.00000000       1.33942270    
  -2.00000000      -7.00000000       6.00000000       1.95501769    
  -2.00000000      -6.00000000       6.00000000       2.51036549    
  -2.00000000      -5.00000000       6.00000000       2.99229860    
  -2.00000000      -4.00000000       6.00000000       3.39198565    
  -2.00000000      -3.00000000       6.00000000       3.70446634    
  -2.00000000      -2.00000000       6.00000000       3.92769861    
  -2.00000000      -1.00000000       6.00000000       4.06138802    
  -2.00000000       0.00000000       6.00000000       4.10588121    
  -2.00000000       1.00000000       6.00000000       4.06138802    
  -2.00000000       2.00000000       6.00000000       3.92769837    
  -2.00000000       3.00000000       6.00000000       3.70446610    
  -2.00000000       4.00000000       6.00000000       3.39198565    
  -2.00000000       5.00000000       6.00000000       2.99229860    
  -2.00000000       6.00000000       6.00000000       2.51036549    
  -2.00000000       7.00000000       6.00000000       1.95501769    
  -2.00000000       8.00000000       6.00000000       1.33942270    
  -2.00000000       9.00000000       6.00000000      0.680893183    

  -2.00000000      -9.00000000       7.00000000      0.530319273    
  -2.00000000      -8.00000000       7.00000000       1.04319692    
  -2.00000000      -7.00000000       7.00000000       1.52259374    
  -2.00000000      -6.00000000       7.00000000       1.95501769    
  -2.00000000      -5.00000000       7.00000000       2.33021760    
  -2.00000000      -4.00000000       7.00000000       2.64133167    
  -2.00000000      -3.00000000       7.00000000       2.88452125    
  -2.00000000      -2.00000000       7.00000000       3.05822492    
  -2.00000000      -1.00000000       7.00000000       3.16224003    
  -2.00000000       0.00000000       7.00000000       3.19685507    
  -2.00000000       1.00000000       7.00000000       3.16224003    
  -2.00000000       2.00000000       7.00000000       3.05822492    
  -2.00000000       3.00000000       7.00000000       2.88452101    
  -2.00000000       4.00000000       7.00000000       2.64133167    
  -2.00000000       5.00000000       7.00000000       2.33021760    
  -2.00000000       6.00000000       7.00000000       1.95501769    
  -2.00000000       7.00000000       7.00000000       1.52259374    
  -2.00000000       8.00000000       7.00000000       1.04319692    
  -2.00000000       9.00000000       7.00000000      0.530319214    

  -2.00000000      -9.00000000       8.00000000      0.363361746    
  -2.00000000      -8.00000000       8.00000000      0.714760482    
  -2.00000000      -7.00000000       8.00000000       1.04319692    
  -2.00000000      -6.00000000       8.00000000       1.33942270    
  -2.00000000      -5.00000000       8.00000000       1.59641612    
  -2.00000000      -4.00000000       8.00000000       1.80948460    
  -2.00000000      -3.00000000       8.00000000       1.97601128    
  -2.00000000      -2.00000000       8.00000000       2.09494209    
  -2.00000000      -1.00000000       8.00000000       2.16615176    
  -2.00000000       0.00000000       8.00000000       2.18984842    
  -2.00000000       1.00000000       8.00000000       2.16615176    
  -2.00000000       2.00000000       8.00000000       2.09494209    
  -2.00000000       3.00000000       8.00000000       1.97601128    
  -2.00000000       4.00000000       8.00000000       1.80948460    
  -2.00000000       5.00000000       8.00000000       1.59641612    
  -2.00000000       6.00000000       8.00000000       1.33942270    
  -2.00000000       7.00000000       8.00000000       1.04319692    
  -2.00000000       8.00000000       8.00000000      0.714760542    
  -2.00000000       9.00000000       8.00000000      0.363361746    

  -2.00000000      -9.00000000       9.00000000      0.184723720    
  -2.00000000      -8.00000000       9.00000000      0.363361746    
  -2.00000000      -7.00000000       9.00000000      0.530319214    
  -2.00000000      -6.00000000       9.00000000      0.680893183    
  -2.00000000      -5.00000000       9.00000000      0.811514854    
  -2.00000000      -4.00000000       9.00000000      0.919801354    
  -2.00000000      -3.00000000       9.00000000       1.00442672    
  -2.00000000      -2.00000000       9.00000000       1.06485999    
  -2.00000000      -1.00000000       9.00000000       1.10104227    
  -2.00000000       0.00000000       9.00000000       1.11308229    
  -2.00000000       1.00000000       9.00000000       1.10104227    
  -2.00000000       2.00000000       9.00000000       1.06485999    
  -2.00000000       3.00000000       9.00000000       1.00442672    
  -2.00000000       4.00000000       9.00000000      0.919801354    
  -2.00000000       5.00000000       9.00000000      0.811514854    
  -2.00000000       6.00000000       9.00000000      0.680893183    
  -2.00000000       7.00000000       9.00000000      0.530319214    
  -2.00000000       8.00000000       9.00000000      0.363361746    
  -2.00000000       9.00000000       9.00000000      0.184723720    


   3.00000000      -9.00000000       0.00000000       1.04988790    
   3.00000000      -8.00000000       0.00000000       2.06548071    
   3.00000000      -7.00000000       0.00000000       3.01520371    
   3.00000000      -6.00000000       0.00000000       3.87242389    
   3.00000000      -5.00000000       0.00000000       4.61680174    
   3.00000000      -4.00000000       0.00000000       5.23458815    
   3.00000000      -3.00000000       0.00000000       5.71793079    
   3.00000000      -2.00000000       0.00000000       6.06345034    
   3.00000000      -1.00000000       0.00000000       6.27047729    
   3.00000000       0.00000000       0.00000000       6.33939648    
   3.00000000       1.00000000       0.00000000       6.27047729    
   3.00000000       2.00000000       0.00000000       6.06345034    
   3.00000000       3.00000000       0.00000000       5.71793079    
   3.00000000       4.00000000       0.00000000       5.23458815    
   3.00000000       5.00000000       0.00000000       4.61680174    
   3.00000000       6.00000000       0.00000000       3.87242389    
   3.00000000       7.00000000       0.00000000       3.01520371    
   3.00000000       8.00000000       0.00000000       2.06548071    
   3.00000000       9.00000000       0.00000000       1.04988790    

   3.00000000      -9.00000000       1.00000000       1.03853750    
   3.00000000      -8.00000000       1.00000000       2.04314232    
   3.00000000      -7.00000000       1.00000000       2.98257422    
   3.00000000      -6.00000000       1.00000000       3.83048534    
   3.00000000      -5.00000000       1.00000000       4.56675768    
   3.00000000      -4.00000000       1.00000000       5.17779684    
   3.00000000      -3.00000000       1.00000000       5.65584469    
   3.00000000      -2.00000000       1.00000000       5.99756908    
   3.00000000      -1.00000000       1.00000000       6.20231724    
   3.00000000       0.00000000       1.00000000       6.27047729    
   3.00000000       1.00000000       1.00000000       6.20231724    
   3.00000000       2.00000000       1.00000000       5.99756908    
   3.00000000       3.00000000       1.00000000       5.65584469    
   3.00000000       4.00000000       1.00000000       5.17779684    
   3.00000000       5.00000000       1.00000000       4.56675768    
   3.00000000       6.00000000       1.00000000       3.83048534    
   3.00000000       7.00000000       1.00000000       2.98257422    
   3.00000000       8.00000000       1.00000000       2.04314256    
   3.00000000       9.00000000       1.00000000       1.03853750    

   3.00000000      -9.00000000       2.00000000       1.00442672    
   3.00000000      -8.00000000       2.00000000       1.97601128    
   3.00000000      -7.00000000       2.00000000       2.88452101    
   3.00000000      -6.00000000       2.00000000       3.70446610    
   3.00000000      -5.00000000       2.00000000       4.41639376    
   3.00000000      -4.00000000       2.00000000       5.00717258    
   3.00000000      -3.00000000       2.00000000       5.46932554    
   3.00000000      -2.00000000       2.00000000       5.79965878    
   3.00000000      -1.00000000       2.00000000       5.99756908    
   3.00000000       0.00000000       2.00000000       6.06345034    
   3.00000000       1.00000000       2.00000000       5.99756908    
   3.00000000       2.00000000       2.00000000       5.79965878    
   3.00000000       3.00000000       2.00000000       5.46932554    
   3.00000000       4.00000000       2.00000000       5.00717258    
   3.00000000       5.00000000       2.00000000       4.41639376    
   3.00000000       6.00000000       2.00000000       3.70446610    
   3.00000000       7.00000000       2.00000000       2.88452101    
   3.00000000       8.00000000       2.00000000       1.97601128    
   3.00000000       9.00000000       2.00000000       1.00442672    

   3.00000000      -9.00000000       3.00000000      0.947448313    
   3.00000000      -8.00000000       3.00000000       1.86388278    
   3.00000000      -7.00000000       3.00000000       2.72075915    
   3.00000000      -6.00000000       3.00000000       3.49402237    
   3.00000000      -5.00000000       3.00000000       4.16532898    
   3.00000000      -4.00000000       3.00000000       4.72231770    
   3.00000000      -3.00000000       3.00000000       5.15797329    
   3.00000000      -2.00000000       3.00000000       5.46932554    
   3.00000000      -1.00000000       3.00000000       5.65584469    
   3.00000000       0.00000000       3.00000000       5.71793079    
   3.00000000       1.00000000       3.00000000       5.65584469    
   3.00000000       2.00000000       3.00000000       5.46932554    
   3.00000000       3.00000000       3.00000000       5.15797329    
   3.00000000       4.00000000       3.00000000       4.72231770    
   3.00000000       5.00000000       3.00000000       4.16532898    
   3.00000000       6.00000000       3.00000000       3.49402237    
   3.00000000       7.00000000       3.00000000       2.72075915    
   3.00000000       8.00000000       3.00000000       1.86388278    
   3.00000000       9.00000000       3.00000000      0.947448313    

   3.00000000      -9.00000000       4.00000000      0.867652118    
   3.00000000      -8.00000000       4.00000000       1.70686293    
   3.00000000      -7.00000000       4.00000000       2.49146223    
   3.00000000      -6.00000000       4.00000000       3.19940782    
   3.00000000      -5.00000000       4.00000000       3.81390882    
   3.00000000      -4.00000000       4.00000000       4.32367325    
   3.00000000      -3.00000000       4.00000000       4.72231770    
   3.00000000      -2.00000000       4.00000000       5.00717258    
   3.00000000      -1.00000000       4.00000000       5.17779684    
   3.00000000       0.00000000       4.00000000       5.23458815    
   3.00000000       1.00000000       4.00000000       5.17779684    
   3.00000000       2.00000000       4.00000000       5.00717258    
   3.00000000       3.00000000       4.00000000       4.72231770    
   3.00000000       4.00000000       4.00000000       4.32367325    
   3.00000000       5.00000000       4.00000000       3.81390905    
   3.00000000       6.00000000       4.00000000       3.19940782    
   3.00000000       7.00000000       4.00000000       2.49146247    
   3.00000000       8.00000000       4.00000000       1.70686293    
   3.00000000       9.00000000       4.00000000      0.867652118    

   3.00000000      -9.00000000       5.00000000      0.765532434    
   3.00000000      -8.00000000       5.00000000       1.50593317    
   3.00000000      -7.00000000       5.00000000       2.19808340    
   3.00000000      -6.00000000       5.00000000       2.82252240    
   3.00000000      -5.00000000       5.00000000       3.36444330    
   3.00000000      -4.00000000       5.00000000       3.81390882    
   3.00000000      -3.00000000       5.00000000       4.16532898    
   3.00000000      -2.00000000       5.00000000       4.41639376    
   3.00000000      -1.00000000       5.00000000       4.56675768    
   3.00000000       0.00000000       5.00000000       4.61680174    
   3.00000000       1.00000000       5.00000000       4.56675768    
   3.00000000       2.00000000       5.00000000       4.41639376    
   3.00000000       3.00000000       5.00000000       4.16532898    
   3.00000000       4.00000000       5.00000000       3.81390905    
   3.00000000       5.00000000       5.00000000       3.36444330    
   3.00000000       6.00000000       5.00000000       2.82252240    
   3.00000000       7.00000000       5.00000000       2.19808340    
   3.00000000       8.00000000       5.00000000       1.50593328    
   3.00000000       9.00000000       5.00000000      0.765532434    

   3.00000000      -9.00000000       6.00000000      0.642334700    
   3.00000000      -8.00000000       6.00000000       1.26355088    
   3.00000000      -7.00000000       6.00000000       1.84422696    
   3.00000000      -6.00000000       6.00000000       2.36802340    
   3.00000000      -5.00000000       6.00000000       2.82252240    
   3.00000000      -4.00000000       6.00000000       3.19940782    
   3.00000000      -3.00000000       6.00000000       3.49402237    
   3.00000000      -2.00000000       6.00000000       3.70446610    
   3.00000000      -1.00000000       6.00000000       3.83048534    
   3.00000000       0.00000000       6.00000000       3.87242389    
   3.00000000       1.00000000       6.00000000       3.83048534    
   3.00000000       2.00000000       6.00000000       3.70446610    
   3.00000000       3.00000000       6.00000000       3.49402237    
   3.00000000       4.00000000       6.00000000       3.19940782    
   3.00000000       5.00000000       6.00000000       2.82252240    
   3.00000000       6.00000000       6.00000000       2.36802340    
   3.00000000       7.00000000       6.00000000       1.84422696    
   3.00000000       8.00000000       6.00000000       1.26355088    
   3.00000000       9.00000000       6.00000000      0.642334640    

   3.00000000      -9.00000000       7.00000000      0.500303090    
   3.00000000      -8.00000000       7.00000000      0.984136045    
   3.00000000      -7.00000000       7.00000000       1.43635511    
   3.00000000      -6.00000000       7.00000000       1.84422696    
   3.00000000      -5.00000000       7.00000000       2.19808340    
   3.00000000      -4.00000000       7.00000000       2.49146223    
   3.00000000      -3.00000000       7.00000000       2.72075915    
   3.00000000      -2.00000000       7.00000000       2.88452101    
   3.00000000      -1.00000000       7.00000000       2.98257422    
   3.00000000       0.00000000       7.00000000       3.01520371    
   3.00000000       1.00000000       7.00000000       2.98257422    
   3.00000000       2.00000000       7.00000000       2.88452101    
   3.00000000       3.00000000       7.00000000       2.72075915    
   3.00000000       4.00000000       7.00000000       2.49146247    
   3.00000000       5.00000000       7.00000000       2.19808340    
   3.00000000       6.00000000       7.00000000       1.84422696    
   3.00000000       7.00000000       7.00000000       1.43635511    
   3.00000000       8.00000000       7.00000000      0.984136045    
   3.00000000       9.00000000       7.00000000      0.500303090    

   3.00000000      -9.00000000       8.00000000      0.342803717    
   3.00000000      -8.00000000       8.00000000      0.674310744    
   3.00000000      -7.00000000       8.00000000      0.984136045    
   3.00000000      -6.00000000       8.00000000       1.26355088    
   3.00000000      -5.00000000       8.00000000       1.50593317    
   3.00000000      -4.00000000       8.00000000       1.70686293    
   3.00000000      -3.00000000       8.00000000       1.86388278    
   3.00000000      -2.00000000       8.00000000       1.97601128    
   3.00000000      -1.00000000       8.00000000       2.04314256    
   3.00000000       0.00000000       8.00000000       2.06548071    
   3.00000000       1.00000000       8.00000000       2.04314256    
   3.00000000       2.00000000       8.00000000       1.97601128    
   3.00000000       3.00000000       8.00000000       1.86388278    
   3.00000000       4.00000000       8.00000000       1.70686293    
   3.00000000       5.00000000       8.00000000       1.50593328    
   3.00000000       6.00000000       8.00000000       1.26355088    
   3.00000000       7.00000000       8.00000000      0.984136045    
   3.00000000       8.00000000       8.00000000      0.674310744    
   3.00000000       9.00000000       8.00000000      0.342803717    

   3.00000000      -9.00000000       9.00000000      0.174275219    
   3.00000000      -8.00000000       9.00000000      0.342803717    
   3.00000000      -7.00000000       9.00000000      0.500303090    
   3.00000000      -6.00000000       9.00000000      0.642334640    
   3.00000000      -5.00000000       9.00000000      0.765532434    
   3.00000000      -4.00000000       9.00000000      0.867652118    
   3.00000000      -3.00000000       9.00000000      0.947448313    
   3.00000000      -2.00000000       9.00000000       1.00442672    
   3.00000000      -1.00000000       9.00000000       1.03853750    
   3.00000000       0.00000000       9.00000000       1.04988790    
   3.00000000       1.00000000       9.00000000       1.03853750    
   3.00000000       2.00000000       9.00000000       1.00442672    
   3.00000000       3.00000000       9.00000000      0.947448313    
   3.00000000       4.00000000       9.00000000      0.867652118    
   3.00000000       5.00000000       9.00000000      0.765532434    
   3.00000000       6.00000000       9.00000000      0.642334640    
   3.00000000       7.00000000       9.00000000      0.500303090    
   3.00000000       8.00000000       9.00000000      0.342803717    
   3.00000000       9.00000000       9.00000000      0.174275219    


   8.00000000      -9.00000000       0.00000000      0.379754901    
   8.00000000      -8.00000000       0.00000000      0.747017324    
   8.00000000      -7.00000000       0.00000000       1.09029949    
   8.00000000      -6.00000000       0.00000000       1.39993918    
   8.00000000      -5.00000000       0.00000000       1.66859615    
   8.00000000      -4.00000000       0.00000000       1.89135861    
   8.00000000      -3.00000000       0.00000000       2.06548071    
   8.00000000      -2.00000000       0.00000000       2.18984842    
   8.00000000      -1.00000000       0.00000000       2.26431894    
   8.00000000       0.00000000       0.00000000       2.28910184    
   8.00000000       1.00000000       0.00000000       2.26431894    
   8.00000000       2.00000000       0.00000000       2.18984842    
   8.00000000       3.00000000       0.00000000       2.06548071    
   8.00000000       4.00000000       0.00000000       1.89135861    
   8.00000000       5.00000000       0.00000000       1.66859615    
   8.00000000       6.00000000       0.00000000       1.39993918    
   8.00000000       7.00000000       0.00000000       1.09029949    
   8.00000000       8.00000000       0.00000000      0.747017384    
   8.00000000       9.00000000       0.00000000      0.379754931    

   8.00000000      -9.00000000       1.00000000      0.375662863    
   8.00000000      -8.00000000       1.00000000      0.738965273    
   8.00000000      -7.00000000       1.00000000       1.07854128    
   8.00000000      -6.00000000       1.00000000       1.38483179    
   8.00000000      -5.00000000       1.00000000       1.65057611    
   8.00000000      -4.00000000       1.00000000       1.87091744    
   8.00000000      -3.00000000       1.00000000       2.04314256    
   8.00000000      -2.00000000       1.00000000       2.16615176    
   8.00000000      -1.00000000       1.00000000       2.23980761    
   8.00000000       0.00000000       1.00000000       2.26431894    
   8.00000000       1.00000000       1.00000000       2.23980761    
   8.00000000       2.00000000       1.00000000       2.16615176    
   8.00000000       3.00000000       1.00000000       2.04314256    
   8.00000000       4.00000000       1.00000000       1.87091744    
   8.00000000       5.00000000       1.00000000       1.65057611    
   8.00000000       6.00000000       1.00000000       1.38483179    
   8.00000000       7.00000000       1.00000000       1.07854128    
   8.00000000       8.00000000       1.00000000      0.738965273    
   8.00000000       9.00000000       1.00000000      0.375662893    

   8.00000000      -9.00000000       2.00000000      0.363361746    
   8.00000000      -8.00000000       2.00000000      0.714760482    
   8.00000000      -7.00000000       2.00000000       1.04319692    
   8.00000000      -6.00000000       2.00000000       1.33942270    
   8.00000000      -5.00000000       2.00000000       1.59641612    
   8.00000000      -4.00000000       2.00000000       1.80948460    
   8.00000000      -3.00000000       2.00000000       1.97601128    
   8.00000000      -2.00000000       2.00000000       2.09494209    
   8.00000000      -1.00000000       2.00000000       2.16615176    
   8.00000000       0.00000000       2.00000000       2.18984842    
   8.00000000       1.00000000       2.00000000       2.16615176    
   8.00000000       2.00000000       2.00000000       2.09494209    
   8.00000000       3.00000000       2.00000000       1.97601128    
   8.00000000       4.00000000       2.00000000       1.80948460    
   8.00000000       5.00000000       2.00000000       1.59641612    
   8.00000000       6.00000000       2.00000000       1.33942270    
   8.00000000       7.00000000       2.00000000       1.04319692    
   8.00000000       8.00000000       2.00000000      0.714760542    
   8.00000000       9.00000000       2.00000000      0.363361746    

   8.00000000      -9.00000000       3.00000000      0.342803717    
   8.00000000      -8.00000000       3.00000000      0.674310744    
   8.00000000      -7.00000000       3.00000000      0.984136045    
   8.00000000      -6.00000000       3.00000000       1.26355088    
   8.00000000      -5.00000000       3.00000000       1.50593317    
   8.00000000      -4.00000000       3.00000000       1.70686293    
   8.00000000      -3.00000000       3.00000000       1.86388278    
   8.00000000      -2.00000000       3.00000000       1.97601128    
   8.00000000      -1.00000000       3.00000000       2.04314256    
   8.00000000       0.00000000       3.00000000       2.06548071    
   8.00000000       1.00000000       3.00000000       2.04314256    
   8.00000000       2.00000000       3.00000000       1.97601128    
   8.00000000       3.00000000       3.00000000       1.86388278    
   8.00000000       4.00000000       3.00000000       1.70686293    
   8.00000000       5.00000000       3.00000000       1.50593328    
   8.00000000       6.00000000       3.00000000       1.26355088    
   8.00000000       7.00000000       3.00000000      0.984136045    
   8.00000000       8.00000000       3.00000000      0.674310744    
   8.00000000       9.00000000       3.00000000      0.342803717    

   8.00000000      -9.00000000       4.00000000      0.313993841    
   8.00000000      -8.00000000       4.00000000      0.617628396    
   8.00000000      -7.00000000       4.00000000      0.901382387    
   8.00000000      -6.00000000       4.00000000       1.15725672    
   8.00000000      -5.00000000       4.00000000       1.37918782    
   8.00000000      -4.00000000       4.00000000       1.56313598    
   8.00000000      -3.00000000       4.00000000       1.70686293    
   8.00000000      -2.00000000       4.00000000       1.80948460    
   8.00000000      -1.00000000       4.00000000       1.87091744    
   8.00000000       0.00000000       4.00000000       1.89135861    
   8.00000000       1.00000000       4.00000000       1.87091744    
   8.00000000       2.00000000       4.00000000       1.80948460    
   8.00000000       3.00000000       4.00000000       1.70686293    
   8.00000000       4.00000000       4.00000000       1.56313598    
   8.00000000       5.00000000       4.00000000       1.37918782    
   8.00000000       6.00000000       4.00000000       1.15725672    
   8.00000000       7.00000000       4.00000000      0.901382387    
   8.00000000       8.00000000       4.00000000      0.617628396    
   8.00000000       9.00000000       4.00000000      0.313993841    

   8.00000000      -9.00000000       5.00000000      0.277097106    
   8.00000000      -8.00000000       5.00000000      0.545040786    
   8.00000000      -7.00000000       5.00000000      0.795419812    
   8.00000000      -6.00000000       5.00000000       1.02117121    
   8.00000000      -5.00000000       5.00000000       1.21694636    
   8.00000000      -4.00000000       5.00000000       1.37918782    
   8.00000000      -3.00000000       5.00000000       1.50593328    
   8.00000000      -2.00000000       5.00000000       1.59641612    
   8.00000000      -1.00000000       5.00000000       1.65057611    
   8.00000000       0.00000000       5.00000000       1.66859615    
   8.00000000       1.00000000       5.00000000       1.65057611    
   8.00000000       2.00000000       5.00000000       1.59641612    
   8.00000000       3.00000000       5.00000000       1.50593328    
   8.00000000       4.00000000       5.00000000       1.37918782    
   8.00000000       5.00000000       5.00000000       1.21694636    
   8.00000000       6.00000000       5.00000000       1.02117121    
   8.00000000       7.00000000       5.00000000      0.795419812    
   8.00000000       8.00000000       5.00000000      0.545040727    
   8.00000000       9.00000000       5.00000000      0.277097106    

   8.00000000      -9.00000000       6.00000000      0.232552290    
   8.00000000      -8.00000000       6.00000000      0.457413197    
   8.00000000      -7.00000000       6.00000000      0.667516530    
   8.00000000      -6.00000000       6.00000000      0.856931567    
   8.00000000      -5.00000000       6.00000000       1.02117121    
   8.00000000      -4.00000000       6.00000000       1.15725672    
   8.00000000      -3.00000000       6.00000000       1.26355088    
   8.00000000      -2.00000000       6.00000000       1.33942270    
   8.00000000      -1.00000000       6.00000000       1.38483179    
   8.00000000       0.00000000       6.00000000       1.39993918    
   8.00000000       1.00000000       6.00000000       1.38483179    
   8.00000000       2.00000000       6.00000000       1.33942270    
   8.00000000       3.00000000       6.00000000       1.26355088    
   8.00000000       4.00000000       6.00000000       1.15725672    
   8.00000000       5.00000000       6.00000000       1.02117121    
   8.00000000       6.00000000       6.00000000      0.856931567    
   8.00000000       7.00000000       6.00000000      0.667516530    
   8.00000000       8.00000000       6.00000000      0.457413226    
   8.00000000       9.00000000       6.00000000      0.232552290    

   8.00000000      -9.00000000       7.00000000      0.181164399    
   8.00000000      -8.00000000       7.00000000      0.356330514    
   8.00000000      -7.00000000       7.00000000      0.519988656    
   8.00000000      -6.00000000       7.00000000      0.667516530    
   8.00000000      -5.00000000       7.00000000      0.795419812    
   8.00000000      -4.00000000       7.00000000      0.901382387    
   8.00000000      -3.00000000       7.00000000      0.984136045    
   8.00000000      -2.00000000       7.00000000       1.04319692    
   8.00000000      -1.00000000       7.00000000       1.07854128    
   8.00000000       0.00000000       7.00000000       1.09029949    
   8.00000000       1.00000000       7.00000000       1.07854128    
   8.00000000       2.00000000       7.00000000       1.04319692    
   8.00000000       3.00000000       7.00000000      0.984136045    
   8.00000000       4.00000000       7.00000000      0.901382387    
   8.00000000       5.00000000       7.00000000      0.795419812    
   8.00000000       6.00000000       7.00000000      0.667516530    
   8.00000000       7.00000000       7.00000000      0.519988656    
   8.00000000       8.00000000       7.00000000      0.356330514    
   8.00000000       9.00000000       7.00000000      0.181164399    

   8.00000000      -9.00000000       8.00000000      0.124150328    
   8.00000000      -8.00000000       8.00000000      0.244186640    
   8.00000000      -7.00000000       8.00000000      0.356330514    
   8.00000000      -6.00000000       8.00000000      0.457413226    
   8.00000000      -5.00000000       8.00000000      0.545040727    
   8.00000000      -4.00000000       8.00000000      0.617628396    
   8.00000000      -3.00000000       8.00000000      0.674310744    
   8.00000000      -2.00000000       8.00000000      0.714760542    
   8.00000000      -1.00000000       8.00000000      0.738965273    
   8.00000000       0.00000000       8.00000000      0.747017384    
   8.00000000       1.00000000       8.00000000      0.738965273    
   8.00000000       2.00000000       8.00000000      0.714760542    
   8.00000000       3.00000000       8.00000000      0.674310744    
   8.00000000       4.00000000       8.00000000      0.617628396    
   8.00000000       5.00000000       8.00000000      0.545040727    
   8.00000000       6.00000000       8.00000000      0.457413226    
   8.00000000       7.00000000       8.00000000      0.356330514    
   8.00000000       8.00000000       8.00000000      0.244186625    
   8.00000000       9.00000000       8.00000000      0.124150328    

   8.00000000      -9.00000000       9.00000000       6.31215721E-02
   8.00000000      -8.00000000       9.00000000      0.124150328    
   8.00000000      -7.00000000       9.00000000      0.181164399    
   8.00000000      -6.00000000       9.00000000      0.232552290    
   8.00000000      -5.00000000       9.00000000      0.277097076    
   8.00000000      -4.00000000       9.00000000      0.313993841    
   8.00000000      -3.00000000       9.00000000      0.342803717    
   8.00000000      -2.00000000       9.00000000      0.363361746    
   8.00000000      -1.00000000       9.00000000      0.375662893    
   8.00000000       0.00000000       9.00000000      0.379754931    
   8.00000000       1.00000000       9.00000000      0.375662893    
   8.00000000       2.00000000       9.00000000      0.363361746    
   8.00000000       3.00000000       9.00000000      0.342803717    
   8.00000000       4.00000000       9.00000000      0.313993841    
   8.00000000       5.00000000       9.00000000      0.277097106    
   8.00000000       6.00000000       9.00000000      0.232552290    
   8.00000000       7.00000000       9.00000000      0.181164399    
   8.00000000       8.00000000       9.00000000      0.124150328    
   8.00000000       9.00000000       9.00000000       6.31215647E-02



