  -9.00000000      -9.00000000      0.188463211    
  -8.00000000      -9.00000000      0.370767057    
  -7.00000000      -9.00000000      0.541240454    
  -6.00000000      -9.00000000      0.695100307    
  -5.00000000      -9.00000000      0.828694463    
  -4.00000000      -9.00000000      0.939556479    
  -3.00000000      -9.00000000       1.02628136    
  -2.00000000      -9.00000000       1.08826900    
  -1.00000000      -9.00000000       1.12540662    
   0.00000000      -9.00000000       1.13776910    
   1.00000000      -9.00000000       1.12540662    
   2.00000000      -9.00000000       1.08826900    
   3.00000000      -9.00000000       1.02628136    
   4.00000000      -9.00000000      0.939556420    
   5.00000000      -9.00000000      0.828694403    
   6.00000000      -9.00000000      0.695100307    
   7.00000000      -9.00000000      0.541240454    
   8.00000000      -9.00000000      0.370767057    
   9.00000000      -9.00000000      0.188463211    
  -9.00000000      -8.00000000      0.370767057    
  -8.00000000      -8.00000000      0.729424477    
  -7.00000000      -8.00000000       1.06482124    
  -6.00000000      -8.00000000       1.36755013    
  -5.00000000      -8.00000000       1.63042474    
  -4.00000000      -8.00000000       1.84858727    
  -3.00000000      -8.00000000       2.01926517    
  -2.00000000      -8.00000000       2.14126873    
  -1.00000000      -8.00000000       2.21436667    
   0.00000000      -8.00000000       2.23870063    
   1.00000000      -8.00000000       2.21436667    
   2.00000000      -8.00000000       2.14126849    
   3.00000000      -8.00000000       2.01926517    
   4.00000000      -8.00000000       1.84858716    
   5.00000000      -8.00000000       1.63042462    
   6.00000000      -8.00000000       1.36755013    
   7.00000000      -8.00000000       1.06482124    
   8.00000000      -8.00000000      0.729424417    
   9.00000000      -8.00000000      0.370767057    
  -9.00000000      -7.00000000      0.541240454    
  -8.00000000      -7.00000000       1.06482124    
  -7.00000000      -7.00000000       1.55447805    
  -6.00000000      -7.00000000       1.99648392    
  -5.00000000      -7.00000000       2.38034511    
  -4.00000000      -7.00000000       2.69895744    
  -3.00000000      -7.00000000       2.94825482    
  -2.00000000      -7.00000000       3.12647772    
  -1.00000000      -7.00000000       3.23326945    
   0.00000000      -7.00000000       3.26882124    
   1.00000000      -7.00000000       3.23326945    
   2.00000000      -7.00000000       3.12647772    
   3.00000000      -7.00000000       2.94825482    
   4.00000000      -7.00000000       2.69895744    
   5.00000000      -7.00000000       2.38034511    
   6.00000000      -7.00000000       1.99648392    
   7.00000000      -7.00000000       1.55447805    
   8.00000000      -7.00000000       1.06482124    
   9.00000000      -7.00000000      0.541240454    
  -9.00000000      -6.00000000      0.695100307    
  -8.00000000      -6.00000000       1.36755013    
  -7.00000000      -6.00000000       1.99648392    
  -6.00000000      -6.00000000       2.56428242    
  -5.00000000      -6.00000000       3.05746269    
  -4.00000000      -6.00000000       3.46688128    
  -3.00000000      -6.00000000       3.78728390    
  -2.00000000      -6.00000000       4.01637506    
  -1.00000000      -6.00000000       4.15366268    
   0.00000000      -6.00000000       4.19936991    
   1.00000000      -6.00000000       4.15366268    
   2.00000000      -6.00000000       4.01637506    
   3.00000000      -6.00000000       3.78728390    
   4.00000000      -6.00000000       3.46688128    
   5.00000000      -6.00000000       3.05746269    
   6.00000000      -6.00000000       2.56428242    
   7.00000000      -6.00000000       1.99648392    
   8.00000000      -6.00000000       1.36755013    
   9.00000000      -6.00000000      0.695100307    
  -9.00000000      -5.00000000      0.828694463    
  -8.00000000      -5.00000000       1.63042474    
  -7.00000000      -5.00000000       2.38034511    
  -6.00000000      -5.00000000       3.05746269    
  -5.00000000      -5.00000000       3.64569640    
  -4.00000000      -5.00000000       4.13411665    
  -3.00000000      -5.00000000       4.51641798    
  -2.00000000      -5.00000000       4.78981400    
  -1.00000000      -5.00000000       4.95367384    
   0.00000000      -5.00000000       5.00823164    
   1.00000000      -5.00000000       4.95367384    
   2.00000000      -5.00000000       4.78981400    
   3.00000000      -5.00000000       4.51641798    
   4.00000000      -5.00000000       4.13411665    
   5.00000000      -5.00000000       3.64569640    
   6.00000000      -5.00000000       3.05746269    
   7.00000000      -5.00000000       2.38034511    
   8.00000000      -5.00000000       1.63042474    
   9.00000000      -5.00000000      0.828694403    
  -9.00000000      -4.00000000      0.939556479    
  -8.00000000      -4.00000000       1.84858727    
  -7.00000000      -4.00000000       2.69895744    
  -6.00000000      -4.00000000       3.46688128    
  -5.00000000      -4.00000000       4.13411665    
  -4.00000000      -4.00000000       4.68824148    
  -3.00000000      -4.00000000       5.12205553    
  -2.00000000      -4.00000000       5.43234444    
  -1.00000000      -4.00000000       5.61834049    
   0.00000000      -4.00000000       5.68027258    
   1.00000000      -4.00000000       5.61834049    
   2.00000000      -4.00000000       5.43234444    
   3.00000000      -4.00000000       5.12205553    
   4.00000000      -4.00000000       4.68824148    
   5.00000000      -4.00000000       4.13411665    
   6.00000000      -4.00000000       3.46688128    
   7.00000000      -4.00000000       2.69895744    
   8.00000000      -4.00000000       1.84858716    
   9.00000000      -4.00000000      0.939556420    
  -9.00000000      -3.00000000       1.02628136    
  -8.00000000      -3.00000000       2.01926517    
  -7.00000000      -3.00000000       2.94825482    
  -6.00000000      -3.00000000       3.78728390    
  -5.00000000      -3.00000000       4.51641798    
  -4.00000000      -3.00000000       5.12205553    
  -3.00000000      -3.00000000       5.59628296    
  -2.00000000      -3.00000000       5.93553209    
  -1.00000000      -3.00000000       6.13891268    
   0.00000000      -3.00000000       6.20663786    
   1.00000000      -3.00000000       6.13891268    
   2.00000000      -3.00000000       5.93553209    
   3.00000000      -3.00000000       5.59628248    
   4.00000000      -3.00000000       5.12205505    
   5.00000000      -3.00000000       4.51641798    
   6.00000000      -3.00000000       3.78728390    
   7.00000000      -3.00000000       2.94825482    
   8.00000000      -3.00000000       2.01926517    
   9.00000000      -3.00000000       1.02628136    
  -9.00000000      -2.00000000       1.08826900    
  -8.00000000      -2.00000000       2.14126873    
  -7.00000000      -2.00000000       3.12647772    
  -6.00000000      -2.00000000       4.01637506    
  -5.00000000      -2.00000000       4.78981400    
  -4.00000000      -2.00000000       5.43234444    
  -3.00000000      -2.00000000       5.93553209    
  -2.00000000      -2.00000000       6.29554510    
  -1.00000000      -2.00000000       6.51139498    
   0.00000000      -2.00000000       6.58327627    
   1.00000000      -2.00000000       6.51139498    
   2.00000000      -2.00000000       6.29554510    
   3.00000000      -2.00000000       5.93553209    
   4.00000000      -2.00000000       5.43234444    
   5.00000000      -2.00000000       4.78981400    
   6.00000000      -2.00000000       4.01637506    
   7.00000000      -2.00000000       3.12647772    
   8.00000000      -2.00000000       2.14126873    
   9.00000000      -2.00000000       1.08826900    
  -9.00000000      -1.00000000       1.12540662    
  -8.00000000      -1.00000000       2.21436667    
  -7.00000000      -1.00000000       3.23326945    
  -6.00000000      -1.00000000       4.15366268    
  -5.00000000      -1.00000000       4.95367384    
  -4.00000000      -1.00000000       5.61834049    
  -3.00000000      -1.00000000       6.13891268    
  -2.00000000      -1.00000000       6.51139498    
  -1.00000000      -1.00000000       6.73473454    
   0.00000000      -1.00000000       6.80911303    
   1.00000000      -1.00000000       6.73473454    
   2.00000000      -1.00000000       6.51139498    
   3.00000000      -1.00000000       6.13891268    
   4.00000000      -1.00000000       5.61834049    
   5.00000000      -1.00000000       4.95367384    
   6.00000000      -1.00000000       4.15366268    
   7.00000000      -1.00000000       3.23326945    
   8.00000000      -1.00000000       2.21436667    
   9.00000000      -1.00000000       1.12540662    
  -9.00000000       0.00000000       1.13776910    
  -8.00000000       0.00000000       2.23870063    
  -7.00000000       0.00000000       3.26882124    
  -6.00000000       0.00000000       4.19936991    
  -5.00000000       0.00000000       5.00823164    
  -4.00000000       0.00000000       5.68027258    
  -3.00000000       0.00000000       6.20663786    
  -2.00000000       0.00000000       6.58327627    
  -1.00000000       0.00000000       6.80911303    
   0.00000000       0.00000000       6.88432360    
   1.00000000       0.00000000       6.80911303    
   2.00000000       0.00000000       6.58327627    
   3.00000000       0.00000000       6.20663786    
   4.00000000       0.00000000       5.68027258    
   5.00000000       0.00000000       5.00823164    
   6.00000000       0.00000000       4.19936991    
   7.00000000       0.00000000       3.26882124    
   8.00000000       0.00000000       2.23870039    
   9.00000000       0.00000000       1.13776910    
  -9.00000000       1.00000000       1.12540662    
  -8.00000000       1.00000000       2.21436667    
  -7.00000000       1.00000000       3.23326945    
  -6.00000000       1.00000000       4.15366268    
  -5.00000000       1.00000000       4.95367384    
  -4.00000000       1.00000000       5.61834049    
  -3.00000000       1.00000000       6.13891268    
  -2.00000000       1.00000000       6.51139498    
  -1.00000000       1.00000000       6.73473454    
   0.00000000       1.00000000       6.80911303    
   1.00000000       1.00000000       6.73473454    
   2.00000000       1.00000000       6.51139498    
   3.00000000       1.00000000       6.13891268    
   4.00000000       1.00000000       5.61834049    
   5.00000000       1.00000000       4.95367384    
   6.00000000       1.00000000       4.15366316    
   7.00000000       1.00000000       3.23326945    
   8.00000000       1.00000000       2.21436667    
   9.00000000       1.00000000       1.12540662    
  -9.00000000       2.00000000       1.08826900    
  -8.00000000       2.00000000       2.14126849    
  -7.00000000       2.00000000       3.12647772    
  -6.00000000       2.00000000       4.01637506    
  -5.00000000       2.00000000       4.78981400    
  -4.00000000       2.00000000       5.43234444    
  -3.00000000       2.00000000       5.93553209    
  -2.00000000       2.00000000       6.29554510    
  -1.00000000       2.00000000       6.51139498    
   0.00000000       2.00000000       6.58327627    
   1.00000000       2.00000000       6.51139498    
   2.00000000       2.00000000       6.29554510    
   3.00000000       2.00000000       5.93553209    
   4.00000000       2.00000000       5.43234444    
   5.00000000       2.00000000       4.78981400    
   6.00000000       2.00000000       4.01637506    
   7.00000000       2.00000000       3.12647796    
   8.00000000       2.00000000       2.14126873    
   9.00000000       2.00000000       1.08826900    
  -9.00000000       3.00000000       1.02628136    
  -8.00000000       3.00000000       2.01926517    
  -7.00000000       3.00000000       2.94825482    
  -6.00000000       3.00000000       3.78728390    
  -5.00000000       3.00000000       4.51641798    
  -4.00000000       3.00000000       5.12205553    
  -3.00000000       3.00000000       5.59628248    
  -2.00000000       3.00000000       5.93553209    
  -1.00000000       3.00000000       6.13891268    
   0.00000000       3.00000000       6.20663786    
   1.00000000       3.00000000       6.13891268    
   2.00000000       3.00000000       5.93553209    
   3.00000000       3.00000000       5.59628248    
   4.00000000       3.00000000       5.12205553    
   5.00000000       3.00000000       4.51641798    
   6.00000000       3.00000000       3.78728414    
   7.00000000       3.00000000       2.94825482    
   8.00000000       3.00000000       2.01926517    
   9.00000000       3.00000000       1.02628136    
  -9.00000000       4.00000000      0.939556420    
  -8.00000000       4.00000000       1.84858716    
  -7.00000000       4.00000000       2.69895744    
  -6.00000000       4.00000000       3.46688128    
  -5.00000000       4.00000000       4.13411665    
  -4.00000000       4.00000000       4.68824148    
  -3.00000000       4.00000000       5.12205505    
  -2.00000000       4.00000000       5.43234444    
  -1.00000000       4.00000000       5.61834049    
   0.00000000       4.00000000       5.68027258    
   1.00000000       4.00000000       5.61834049    
   2.00000000       4.00000000       5.43234444    
   3.00000000       4.00000000       5.12205553    
   4.00000000       4.00000000       4.68824148    
   5.00000000       4.00000000       4.13411665    
   6.00000000       4.00000000       3.46688128    
   7.00000000       4.00000000       2.69895744    
   8.00000000       4.00000000       1.84858716    
   9.00000000       4.00000000      0.939556420    
  -9.00000000       5.00000000      0.828694403    
  -8.00000000       5.00000000       1.63042462    
  -7.00000000       5.00000000       2.38034511    
  -6.00000000       5.00000000       3.05746269    
  -5.00000000       5.00000000       3.64569640    
  -4.00000000       5.00000000       4.13411665    
  -3.00000000       5.00000000       4.51641798    
  -2.00000000       5.00000000       4.78981400    
  -1.00000000       5.00000000       4.95367384    
   0.00000000       5.00000000       5.00823164    
   1.00000000       5.00000000       4.95367384    
   2.00000000       5.00000000       4.78981400    
   3.00000000       5.00000000       4.51641798    
   4.00000000       5.00000000       4.13411665    
   5.00000000       5.00000000       3.64569640    
   6.00000000       5.00000000       3.05746269    
   7.00000000       5.00000000       2.38034511    
   8.00000000       5.00000000       1.63042474    
   9.00000000       5.00000000      0.828694403    
  -9.00000000       6.00000000      0.695100307    
  -8.00000000       6.00000000       1.36755013    
  -7.00000000       6.00000000       1.99648392    
  -6.00000000       6.00000000       2.56428242    
  -5.00000000       6.00000000       3.05746269    
  -4.00000000       6.00000000       3.46688128    
  -3.00000000       6.00000000       3.78728390    
  -2.00000000       6.00000000       4.01637506    
  -1.00000000       6.00000000       4.15366268    
   0.00000000       6.00000000       4.19936991    
   1.00000000       6.00000000       4.15366316    
   2.00000000       6.00000000       4.01637506    
   3.00000000       6.00000000       3.78728414    
   4.00000000       6.00000000       3.46688128    
   5.00000000       6.00000000       3.05746269    
   6.00000000       6.00000000       2.56428242    
   7.00000000       6.00000000       1.99648392    
   8.00000000       6.00000000       1.36755013    
   9.00000000       6.00000000      0.695100307    
  -9.00000000       7.00000000      0.541240454    
  -8.00000000       7.00000000       1.06482124    
  -7.00000000       7.00000000       1.55447805    
  -6.00000000       7.00000000       1.99648392    
  -5.00000000       7.00000000       2.38034511    
  -4.00000000       7.00000000       2.69895744    
  -3.00000000       7.00000000       2.94825482    
  -2.00000000       7.00000000       3.12647772    
  -1.00000000       7.00000000       3.23326945    
   0.00000000       7.00000000       3.26882124    
   1.00000000       7.00000000       3.23326945    
   2.00000000       7.00000000       3.12647796    
   3.00000000       7.00000000       2.94825482    
   4.00000000       7.00000000       2.69895744    
   5.00000000       7.00000000       2.38034511    
   6.00000000       7.00000000       1.99648392    
   7.00000000       7.00000000       1.55447805    
   8.00000000       7.00000000       1.06482124    
   9.00000000       7.00000000      0.541240454    
  -9.00000000       8.00000000      0.370767057    
  -8.00000000       8.00000000      0.729424417    
  -7.00000000       8.00000000       1.06482124    
  -6.00000000       8.00000000       1.36755013    
  -5.00000000       8.00000000       1.63042474    
  -4.00000000       8.00000000       1.84858716    
  -3.00000000       8.00000000       2.01926517    
  -2.00000000       8.00000000       2.14126873    
  -1.00000000       8.00000000       2.21436667    
   0.00000000       8.00000000       2.23870039    
   1.00000000       8.00000000       2.21436667    
   2.00000000       8.00000000       2.14126873    
   3.00000000       8.00000000       2.01926517    
   4.00000000       8.00000000       1.84858716    
   5.00000000       8.00000000       1.63042474    
   6.00000000       8.00000000       1.36755013    
   7.00000000       8.00000000       1.06482124    
   8.00000000       8.00000000      0.729424477    
   9.00000000       8.00000000      0.370767057    
  -9.00000000       9.00000000      0.188463211    
  -8.00000000       9.00000000      0.370767057    
  -7.00000000       9.00000000      0.541240454    
  -6.00000000       9.00000000      0.695100307    
  -5.00000000       9.00000000      0.828694403    
  -4.00000000       9.00000000      0.939556420    
  -3.00000000       9.00000000       1.02628136    
  -2.00000000       9.00000000       1.08826900    
  -1.00000000       9.00000000       1.12540662    
   0.00000000       9.00000000       1.13776910    
   1.00000000       9.00000000       1.12540662    
   2.00000000       9.00000000       1.08826900    
   3.00000000       9.00000000       1.02628136    
   4.00000000       9.00000000      0.939556420    
   5.00000000       9.00000000      0.828694403    
   6.00000000       9.00000000      0.695100307    
   7.00000000       9.00000000      0.541240454    
   8.00000000       9.00000000      0.370767057    
   9.00000000       9.00000000      0.188463211    
