  -9.00000000      -9.00000000      0.116536625    
  -8.00000000      -9.00000000      0.229246080    
  -7.00000000      -9.00000000      0.334607601    
  -6.00000000      -9.00000000      0.429657340    
  -5.00000000      -9.00000000      0.512140572    
  -4.00000000      -9.00000000      0.580545127    
  -3.00000000      -9.00000000      0.634022117    
  -2.00000000      -9.00000000      0.672223449    
  -1.00000000      -9.00000000      0.695100307    
   0.00000000      -9.00000000      0.702713788    
   1.00000000      -9.00000000      0.695100307    
   2.00000000      -9.00000000      0.672223449    
   3.00000000      -9.00000000      0.634022117    
   4.00000000      -9.00000000      0.580545127    
   5.00000000      -9.00000000      0.512140572    
   6.00000000      -9.00000000      0.429657340    
   7.00000000      -9.00000000      0.334607601    
   8.00000000      -9.00000000      0.229246080    
   9.00000000      -9.00000000      0.116536625    
  -9.00000000      -8.00000000      0.229246080    
  -8.00000000      -8.00000000      0.450967669    
  -7.00000000      -8.00000000      0.658241868    
  -6.00000000      -8.00000000      0.845239818    
  -5.00000000      -8.00000000       1.00752521    
  -4.00000000      -8.00000000       1.14212060    
  -3.00000000      -8.00000000       1.24735165    
  -2.00000000      -8.00000000       1.32252824    
  -1.00000000      -8.00000000       1.36755013    
   0.00000000      -8.00000000       1.38253391    
   1.00000000      -8.00000000       1.36755013    
   2.00000000      -8.00000000       1.32252824    
   3.00000000      -8.00000000       1.24735165    
   4.00000000      -8.00000000       1.14212060    
   5.00000000      -8.00000000       1.00752521    
   6.00000000      -8.00000000      0.845239818    
   7.00000000      -8.00000000      0.658241868    
   8.00000000      -8.00000000      0.450967669    
   9.00000000      -8.00000000      0.229246080    
  -9.00000000      -7.00000000      0.334607601    
  -8.00000000      -7.00000000      0.658241868    
  -7.00000000      -7.00000000      0.960805476    
  -6.00000000      -7.00000000       1.23379362    
  -5.00000000      -7.00000000       1.47072935    
  -4.00000000      -7.00000000       1.66726005    
  -3.00000000      -7.00000000       1.82093167    
  -2.00000000      -7.00000000       1.93072546    
  -1.00000000      -7.00000000       1.99648392    
   0.00000000      -7.00000000       2.01837015    
   1.00000000      -7.00000000       1.99648392    
   2.00000000      -7.00000000       1.93072546    
   3.00000000      -7.00000000       1.82093167    
   4.00000000      -7.00000000       1.66726005    
   5.00000000      -7.00000000       1.47072935    
   6.00000000      -7.00000000       1.23379362    
   7.00000000      -7.00000000      0.960805476    
   8.00000000      -7.00000000      0.658241868    
   9.00000000      -7.00000000      0.334607601    
  -9.00000000      -6.00000000      0.429657340    
  -8.00000000      -6.00000000      0.845239818    
  -7.00000000      -6.00000000       1.23379362    
  -6.00000000      -6.00000000       1.58440316    
  -5.00000000      -6.00000000       1.88874888    
  -4.00000000      -6.00000000       2.14123058    
  -3.00000000      -6.00000000       2.33868027    
  -2.00000000      -6.00000000       2.47977090    
  -1.00000000      -6.00000000       2.56428242    
   0.00000000      -6.00000000       2.59241152    
   1.00000000      -6.00000000       2.56428242    
   2.00000000      -6.00000000       2.47977090    
   3.00000000      -6.00000000       2.33868027    
   4.00000000      -6.00000000       2.14123058    
   5.00000000      -6.00000000       1.88874888    
   6.00000000      -6.00000000       1.58440316    
   7.00000000      -6.00000000       1.23379362    
   8.00000000      -6.00000000      0.845239818    
   9.00000000      -6.00000000      0.429657340    
  -9.00000000      -5.00000000      0.512140572    
  -8.00000000      -5.00000000       1.00752521    
  -7.00000000      -5.00000000       1.47072935    
  -6.00000000      -5.00000000       1.88874888    
  -5.00000000      -5.00000000       2.25166273    
  -4.00000000      -5.00000000       2.55278134    
  -3.00000000      -5.00000000       2.78830600    
  -2.00000000      -5.00000000       2.95662832    
  -1.00000000      -5.00000000       3.05746269    
   0.00000000      -5.00000000       3.09102702    
   1.00000000      -5.00000000       3.05746269    
   2.00000000      -5.00000000       2.95662832    
   3.00000000      -5.00000000       2.78830600    
   4.00000000      -5.00000000       2.55278134    
   5.00000000      -5.00000000       2.25166273    
   6.00000000      -5.00000000       1.88874888    
   7.00000000      -5.00000000       1.47072935    
   8.00000000      -5.00000000       1.00752521    
   9.00000000      -5.00000000      0.512140572    
  -9.00000000      -4.00000000      0.580545127    
  -8.00000000      -4.00000000       1.14212060    
  -7.00000000      -4.00000000       1.66726005    
  -6.00000000      -4.00000000       2.14123058    
  -5.00000000      -4.00000000       2.55278134    
  -4.00000000      -4.00000000       2.89431214    
  -3.00000000      -4.00000000       3.16149092    
  -2.00000000      -4.00000000       3.35246444    
  -1.00000000      -4.00000000       3.46688128    
   0.00000000      -4.00000000       3.50496888    
   1.00000000      -4.00000000       3.46688128    
   2.00000000      -4.00000000       3.35246444    
   3.00000000      -4.00000000       3.16149068    
   4.00000000      -4.00000000       2.89431214    
   5.00000000      -4.00000000       2.55278134    
   6.00000000      -4.00000000       2.14123058    
   7.00000000      -4.00000000       1.66726005    
   8.00000000      -4.00000000       1.14212060    
   9.00000000      -4.00000000      0.580545127    
  -9.00000000      -3.00000000      0.634022117    
  -8.00000000      -3.00000000       1.24735165    
  -7.00000000      -3.00000000       1.82093167    
  -6.00000000      -3.00000000       2.33868027    
  -5.00000000      -3.00000000       2.78830600    
  -4.00000000      -3.00000000       3.16149092    
  -3.00000000      -3.00000000       3.45347786    
  -2.00000000      -3.00000000       3.66221261    
  -1.00000000      -3.00000000       3.78728414    
   0.00000000      -3.00000000       3.82892084    
   1.00000000      -3.00000000       3.78728390    
   2.00000000      -3.00000000       3.66221261    
   3.00000000      -3.00000000       3.45347762    
   4.00000000      -3.00000000       3.16149068    
   5.00000000      -3.00000000       2.78830600    
   6.00000000      -3.00000000       2.33868027    
   7.00000000      -3.00000000       1.82093167    
   8.00000000      -3.00000000       1.24735165    
   9.00000000      -3.00000000      0.634022117    
  -9.00000000      -2.00000000      0.672223449    
  -8.00000000      -2.00000000       1.32252824    
  -7.00000000      -2.00000000       1.93072546    
  -6.00000000      -2.00000000       2.47977090    
  -5.00000000      -2.00000000       2.95662832    
  -4.00000000      -2.00000000       3.35246444    
  -3.00000000      -2.00000000       3.66221261    
  -2.00000000      -2.00000000       3.88366961    
  -1.00000000      -2.00000000       4.01637506    
   0.00000000      -2.00000000       4.06055546    
   1.00000000      -2.00000000       4.01637506    
   2.00000000      -2.00000000       3.88366961    
   3.00000000      -2.00000000       3.66221261    
   4.00000000      -2.00000000       3.35246444    
   5.00000000      -2.00000000       2.95662832    
   6.00000000      -2.00000000       2.47977090    
   7.00000000      -2.00000000       1.93072546    
   8.00000000      -2.00000000       1.32252824    
   9.00000000      -2.00000000      0.672223389    
  -9.00000000      -1.00000000      0.695100307    
  -8.00000000      -1.00000000       1.36755013    
  -7.00000000      -1.00000000       1.99648392    
  -6.00000000      -1.00000000       2.56428242    
  -5.00000000      -1.00000000       3.05746269    
  -4.00000000      -1.00000000       3.46688128    
  -3.00000000      -1.00000000       3.78728414    
  -2.00000000      -1.00000000       4.01637506    
  -1.00000000      -1.00000000       4.15366268    
   0.00000000      -1.00000000       4.19936991    
   1.00000000      -1.00000000       4.15366268    
   2.00000000      -1.00000000       4.01637506    
   3.00000000      -1.00000000       3.78728414    
   4.00000000      -1.00000000       3.46688128    
   5.00000000      -1.00000000       3.05746269    
   6.00000000      -1.00000000       2.56428242    
   7.00000000      -1.00000000       1.99648404    
   8.00000000      -1.00000000       1.36755013    
   9.00000000      -1.00000000      0.695100307    
  -9.00000000       0.00000000      0.702713788    
  -8.00000000       0.00000000       1.38253391    
  -7.00000000       0.00000000       2.01837015    
  -6.00000000       0.00000000       2.59241152    
  -5.00000000       0.00000000       3.09102702    
  -4.00000000       0.00000000       3.50496888    
  -3.00000000       0.00000000       3.82892084    
  -2.00000000       0.00000000       4.06055546    
  -1.00000000       0.00000000       4.19936991    
   0.00000000       0.00000000       4.24558592    
   1.00000000       0.00000000       4.19936991    
   2.00000000       0.00000000       4.06055546    
   3.00000000       0.00000000       3.82892084    
   4.00000000       0.00000000       3.50496888    
   5.00000000       0.00000000       3.09102702    
   6.00000000       0.00000000       2.59241152    
   7.00000000       0.00000000       2.01837015    
   8.00000000       0.00000000       1.38253391    
   9.00000000       0.00000000      0.702713788    
  -9.00000000       1.00000000      0.695100307    
  -8.00000000       1.00000000       1.36755013    
  -7.00000000       1.00000000       1.99648392    
  -6.00000000       1.00000000       2.56428242    
  -5.00000000       1.00000000       3.05746269    
  -4.00000000       1.00000000       3.46688128    
  -3.00000000       1.00000000       3.78728390    
  -2.00000000       1.00000000       4.01637506    
  -1.00000000       1.00000000       4.15366268    
   0.00000000       1.00000000       4.19936991    
   1.00000000       1.00000000       4.15366316    
   2.00000000       1.00000000       4.01637506    
   3.00000000       1.00000000       3.78728414    
   4.00000000       1.00000000       3.46688128    
   5.00000000       1.00000000       3.05746269    
   6.00000000       1.00000000       2.56428242    
   7.00000000       1.00000000       1.99648392    
   8.00000000       1.00000000       1.36755013    
   9.00000000       1.00000000      0.695100307    
  -9.00000000       2.00000000      0.672223449    
  -8.00000000       2.00000000       1.32252824    
  -7.00000000       2.00000000       1.93072546    
  -6.00000000       2.00000000       2.47977090    
  -5.00000000       2.00000000       2.95662832    
  -4.00000000       2.00000000       3.35246444    
  -3.00000000       2.00000000       3.66221261    
  -2.00000000       2.00000000       3.88366961    
  -1.00000000       2.00000000       4.01637506    
   0.00000000       2.00000000       4.06055546    
   1.00000000       2.00000000       4.01637506    
   2.00000000       2.00000000       3.88366961    
   3.00000000       2.00000000       3.66221261    
   4.00000000       2.00000000       3.35246444    
   5.00000000       2.00000000       2.95662832    
   6.00000000       2.00000000       2.47977090    
   7.00000000       2.00000000       1.93072546    
   8.00000000       2.00000000       1.32252824    
   9.00000000       2.00000000      0.672223389    
  -9.00000000       3.00000000      0.634022117    
  -8.00000000       3.00000000       1.24735165    
  -7.00000000       3.00000000       1.82093167    
  -6.00000000       3.00000000       2.33868027    
  -5.00000000       3.00000000       2.78830600    
  -4.00000000       3.00000000       3.16149068    
  -3.00000000       3.00000000       3.45347762    
  -2.00000000       3.00000000       3.66221261    
  -1.00000000       3.00000000       3.78728414    
   0.00000000       3.00000000       3.82892084    
   1.00000000       3.00000000       3.78728414    
   2.00000000       3.00000000       3.66221261    
   3.00000000       3.00000000       3.45347762    
   4.00000000       3.00000000       3.16149092    
   5.00000000       3.00000000       2.78830600    
   6.00000000       3.00000000       2.33868027    
   7.00000000       3.00000000       1.82093167    
   8.00000000       3.00000000       1.24735165    
   9.00000000       3.00000000      0.634022117    
  -9.00000000       4.00000000      0.580545127    
  -8.00000000       4.00000000       1.14212060    
  -7.00000000       4.00000000       1.66726005    
  -6.00000000       4.00000000       2.14123058    
  -5.00000000       4.00000000       2.55278134    
  -4.00000000       4.00000000       2.89431214    
  -3.00000000       4.00000000       3.16149068    
  -2.00000000       4.00000000       3.35246444    
  -1.00000000       4.00000000       3.46688128    
   0.00000000       4.00000000       3.50496888    
   1.00000000       4.00000000       3.46688128    
   2.00000000       4.00000000       3.35246444    
   3.00000000       4.00000000       3.16149092    
   4.00000000       4.00000000       2.89431214    
   5.00000000       4.00000000       2.55278134    
   6.00000000       4.00000000       2.14123058    
   7.00000000       4.00000000       1.66726005    
   8.00000000       4.00000000       1.14212060    
   9.00000000       4.00000000      0.580545127    
  -9.00000000       5.00000000      0.512140572    
  -8.00000000       5.00000000       1.00752521    
  -7.00000000       5.00000000       1.47072935    
  -6.00000000       5.00000000       1.88874888    
  -5.00000000       5.00000000       2.25166273    
  -4.00000000       5.00000000       2.55278134    
  -3.00000000       5.00000000       2.78830600    
  -2.00000000       5.00000000       2.95662832    
  -1.00000000       5.00000000       3.05746269    
   0.00000000       5.00000000       3.09102702    
   1.00000000       5.00000000       3.05746269    
   2.00000000       5.00000000       2.95662832    
   3.00000000       5.00000000       2.78830600    
   4.00000000       5.00000000       2.55278134    
   5.00000000       5.00000000       2.25166273    
   6.00000000       5.00000000       1.88874888    
   7.00000000       5.00000000       1.47072935    
   8.00000000       5.00000000       1.00752521    
   9.00000000       5.00000000      0.512140572    
  -9.00000000       6.00000000      0.429657340    
  -8.00000000       6.00000000      0.845239818    
  -7.00000000       6.00000000       1.23379362    
  -6.00000000       6.00000000       1.58440316    
  -5.00000000       6.00000000       1.88874888    
  -4.00000000       6.00000000       2.14123058    
  -3.00000000       6.00000000       2.33868027    
  -2.00000000       6.00000000       2.47977090    
  -1.00000000       6.00000000       2.56428242    
   0.00000000       6.00000000       2.59241152    
   1.00000000       6.00000000       2.56428242    
   2.00000000       6.00000000       2.47977090    
   3.00000000       6.00000000       2.33868027    
   4.00000000       6.00000000       2.14123058    
   5.00000000       6.00000000       1.88874888    
   6.00000000       6.00000000       1.58440316    
   7.00000000       6.00000000       1.23379362    
   8.00000000       6.00000000      0.845239818    
   9.00000000       6.00000000      0.429657340    
  -9.00000000       7.00000000      0.334607601    
  -8.00000000       7.00000000      0.658241868    
  -7.00000000       7.00000000      0.960805476    
  -6.00000000       7.00000000       1.23379362    
  -5.00000000       7.00000000       1.47072935    
  -4.00000000       7.00000000       1.66726005    
  -3.00000000       7.00000000       1.82093167    
  -2.00000000       7.00000000       1.93072546    
  -1.00000000       7.00000000       1.99648404    
   0.00000000       7.00000000       2.01837015    
   1.00000000       7.00000000       1.99648392    
   2.00000000       7.00000000       1.93072546    
   3.00000000       7.00000000       1.82093167    
   4.00000000       7.00000000       1.66726005    
   5.00000000       7.00000000       1.47072935    
   6.00000000       7.00000000       1.23379362    
   7.00000000       7.00000000      0.960805416    
   8.00000000       7.00000000      0.658241868    
   9.00000000       7.00000000      0.334607601    
  -9.00000000       8.00000000      0.229246080    
  -8.00000000       8.00000000      0.450967669    
  -7.00000000       8.00000000      0.658241868    
  -6.00000000       8.00000000      0.845239818    
  -5.00000000       8.00000000       1.00752521    
  -4.00000000       8.00000000       1.14212060    
  -3.00000000       8.00000000       1.24735165    
  -2.00000000       8.00000000       1.32252824    
  -1.00000000       8.00000000       1.36755013    
   0.00000000       8.00000000       1.38253391    
   1.00000000       8.00000000       1.36755013    
   2.00000000       8.00000000       1.32252824    
   3.00000000       8.00000000       1.24735165    
   4.00000000       8.00000000       1.14212060    
   5.00000000       8.00000000       1.00752521    
   6.00000000       8.00000000      0.845239818    
   7.00000000       8.00000000      0.658241868    
   8.00000000       8.00000000      0.450967669    
   9.00000000       8.00000000      0.229246095    
  -9.00000000       9.00000000      0.116536625    
  -8.00000000       9.00000000      0.229246080    
  -7.00000000       9.00000000      0.334607601    
  -6.00000000       9.00000000      0.429657340    
  -5.00000000       9.00000000      0.512140572    
  -4.00000000       9.00000000      0.580545127    
  -3.00000000       9.00000000      0.634022117    
  -2.00000000       9.00000000      0.672223389    
  -1.00000000       9.00000000      0.695100307    
   0.00000000       9.00000000      0.702713788    
   1.00000000       9.00000000      0.695100307    
   2.00000000       9.00000000      0.672223389    
   3.00000000       9.00000000      0.634022117    
   4.00000000       9.00000000      0.580545127    
   5.00000000       9.00000000      0.512140572    
   6.00000000       9.00000000      0.429657340    
   7.00000000       9.00000000      0.334607601    
   8.00000000       9.00000000      0.229246095    
   9.00000000       9.00000000      0.116536625    
