  -9.00000000      -9.00000000      0.157434136    
  -8.00000000      -9.00000000      0.309709966    
  -7.00000000      -9.00000000      0.452080309    
  -6.00000000      -9.00000000      0.580545127    
  -5.00000000      -9.00000000      0.692056179    
  -4.00000000      -9.00000000      0.784562111    
  -3.00000000      -9.00000000      0.856903315    
  -2.00000000      -9.00000000      0.908594549    
  -1.00000000      -9.00000000      0.939556479    
   0.00000000      -9.00000000      0.949861884    
   1.00000000      -9.00000000      0.939556479    
   2.00000000      -9.00000000      0.908594549    
   3.00000000      -9.00000000      0.856903315    
   4.00000000      -9.00000000      0.784562111    
   5.00000000      -9.00000000      0.692056119    
   6.00000000      -9.00000000      0.580545127    
   7.00000000      -9.00000000      0.452080309    
   8.00000000      -9.00000000      0.309709966    
   9.00000000      -9.00000000      0.157434136    
  -9.00000000      -8.00000000      0.309709966    
  -8.00000000      -8.00000000      0.609278440    
  -7.00000000      -8.00000000      0.889370918    
  -6.00000000      -8.00000000       1.14212060    
  -5.00000000      -8.00000000       1.36152959    
  -4.00000000      -8.00000000       1.54355836    
  -3.00000000      -8.00000000       1.68591893    
  -2.00000000      -8.00000000       1.78764951    
  -1.00000000      -8.00000000       1.84858727    
   0.00000000      -8.00000000       1.86887026    
   1.00000000      -8.00000000       1.84858727    
   2.00000000      -8.00000000       1.78764951    
   3.00000000      -8.00000000       1.68591893    
   4.00000000      -8.00000000       1.54355824    
   5.00000000      -8.00000000       1.36152959    
   6.00000000      -8.00000000       1.14212060    
   7.00000000      -8.00000000      0.889370978    
   8.00000000      -8.00000000      0.609278440    
   9.00000000      -8.00000000      0.309709966    
  -9.00000000      -7.00000000      0.452080309    
  -8.00000000      -7.00000000      0.889370918    
  -7.00000000      -7.00000000       1.29825699    
  -6.00000000      -7.00000000       1.66726005    
  -5.00000000      -7.00000000       1.98762214    
  -4.00000000      -7.00000000       2.25343752    
  -3.00000000      -7.00000000       2.46135116    
  -2.00000000      -7.00000000       2.60994244    
  -1.00000000      -7.00000000       2.69895744    
   0.00000000      -7.00000000       2.72858739    
   1.00000000      -7.00000000       2.69895744    
   2.00000000      -7.00000000       2.60994244    
   3.00000000      -7.00000000       2.46135116    
   4.00000000      -7.00000000       2.25343728    
   5.00000000      -7.00000000       1.98762214    
   6.00000000      -7.00000000       1.66726005    
   7.00000000      -7.00000000       1.29825699    
   8.00000000      -7.00000000      0.889370918    
   9.00000000      -7.00000000      0.452080280    
  -9.00000000      -6.00000000      0.580545127    
  -8.00000000      -6.00000000       1.14212060    
  -7.00000000      -6.00000000       1.66726005    
  -6.00000000      -6.00000000       2.14123058    
  -5.00000000      -6.00000000       2.55278134    
  -4.00000000      -6.00000000       2.89431214    
  -3.00000000      -6.00000000       3.16149092    
  -2.00000000      -6.00000000       3.35246444    
  -1.00000000      -6.00000000       3.46688128    
   0.00000000      -6.00000000       3.50496888    
   1.00000000      -6.00000000       3.46688128    
   2.00000000      -6.00000000       3.35246444    
   3.00000000      -6.00000000       3.16149092    
   4.00000000      -6.00000000       2.89431214    
   5.00000000      -6.00000000       2.55278134    
   6.00000000      -6.00000000       2.14123058    
   7.00000000      -6.00000000       1.66726005    
   8.00000000      -6.00000000       1.14212060    
   9.00000000      -6.00000000      0.580545127    
  -9.00000000      -5.00000000      0.692056179    
  -8.00000000      -5.00000000       1.36152959    
  -7.00000000      -5.00000000       1.98762214    
  -6.00000000      -5.00000000       2.55278134    
  -5.00000000      -5.00000000       3.04358935    
  -4.00000000      -5.00000000       3.45096469    
  -3.00000000      -5.00000000       3.76970983    
  -2.00000000      -5.00000000       3.99757862    
  -1.00000000      -5.00000000       4.13411665    
   0.00000000      -5.00000000       4.17957163    
   1.00000000      -5.00000000       4.13411665    
   2.00000000      -5.00000000       3.99757862    
   3.00000000      -5.00000000       3.76971006    
   4.00000000      -5.00000000       3.45096469    
   5.00000000      -5.00000000       3.04358935    
   6.00000000      -5.00000000       2.55278134    
   7.00000000      -5.00000000       1.98762214    
   8.00000000      -5.00000000       1.36152959    
   9.00000000      -5.00000000      0.692056179    
  -9.00000000      -4.00000000      0.784562111    
  -8.00000000      -4.00000000       1.54355836    
  -7.00000000      -4.00000000       2.25343752    
  -6.00000000      -4.00000000       2.89431214    
  -5.00000000      -4.00000000       3.45096469    
  -4.00000000      -4.00000000       3.91307449    
  -3.00000000      -4.00000000       4.27471161    
  -2.00000000      -4.00000000       4.53328514    
  -1.00000000      -4.00000000       4.68824148    
   0.00000000      -4.00000000       4.73983049    
   1.00000000      -4.00000000       4.68824148    
   2.00000000      -4.00000000       4.53328562    
   3.00000000      -4.00000000       4.27471161    
   4.00000000      -4.00000000       3.91307449    
   5.00000000      -4.00000000       3.45096469    
   6.00000000      -4.00000000       2.89431214    
   7.00000000      -4.00000000       2.25343752    
   8.00000000      -4.00000000       1.54355824    
   9.00000000      -4.00000000      0.784562111    
  -9.00000000      -3.00000000      0.856903315    
  -8.00000000      -3.00000000       1.68591893    
  -7.00000000      -3.00000000       2.46135116    
  -6.00000000      -3.00000000       3.16149092    
  -5.00000000      -3.00000000       3.76970983    
  -4.00000000      -3.00000000       4.27471161    
  -3.00000000      -3.00000000       4.66998100    
  -2.00000000      -3.00000000       4.95264435    
  -1.00000000      -3.00000000       5.12205553    
   0.00000000      -3.00000000       5.17846060    
   1.00000000      -3.00000000       5.12205553    
   2.00000000      -3.00000000       4.95264435    
   3.00000000      -3.00000000       4.66998100    
   4.00000000      -3.00000000       4.27471161    
   5.00000000      -3.00000000       3.76970983    
   6.00000000      -3.00000000       3.16149092    
   7.00000000      -3.00000000       2.46135116    
   8.00000000      -3.00000000       1.68591905    
   9.00000000      -3.00000000      0.856903315    
  -9.00000000      -2.00000000      0.908594549    
  -8.00000000      -2.00000000       1.78764951    
  -7.00000000      -2.00000000       2.60994244    
  -6.00000000      -2.00000000       3.35246444    
  -5.00000000      -2.00000000       3.99757862    
  -4.00000000      -2.00000000       4.53328514    
  -3.00000000      -2.00000000       4.95264435    
  -2.00000000      -2.00000000       5.25257015    
  -1.00000000      -2.00000000       5.43234444    
   0.00000000      -2.00000000       5.49220276    
   1.00000000      -2.00000000       5.43234444    
   2.00000000      -2.00000000       5.25257015    
   3.00000000      -2.00000000       4.95264435    
   4.00000000      -2.00000000       4.53328562    
   5.00000000      -2.00000000       3.99757862    
   6.00000000      -2.00000000       3.35246444    
   7.00000000      -2.00000000       2.60994244    
   8.00000000      -2.00000000       1.78764963    
   9.00000000      -2.00000000      0.908594549    
  -9.00000000      -1.00000000      0.939556479    
  -8.00000000      -1.00000000       1.84858727    
  -7.00000000      -1.00000000       2.69895744    
  -6.00000000      -1.00000000       3.46688128    
  -5.00000000      -1.00000000       4.13411665    
  -4.00000000      -1.00000000       4.68824148    
  -3.00000000      -1.00000000       5.12205553    
  -2.00000000      -1.00000000       5.43234444    
  -1.00000000      -1.00000000       5.61834049    
   0.00000000      -1.00000000       5.68027258    
   1.00000000      -1.00000000       5.61834049    
   2.00000000      -1.00000000       5.43234444    
   3.00000000      -1.00000000       5.12205553    
   4.00000000      -1.00000000       4.68824148    
   5.00000000      -1.00000000       4.13411665    
   6.00000000      -1.00000000       3.46688128    
   7.00000000      -1.00000000       2.69895744    
   8.00000000      -1.00000000       1.84858716    
   9.00000000      -1.00000000      0.939556420    
  -9.00000000       0.00000000      0.949861884    
  -8.00000000       0.00000000       1.86887026    
  -7.00000000       0.00000000       2.72858739    
  -6.00000000       0.00000000       3.50496888    
  -5.00000000       0.00000000       4.17957163    
  -4.00000000       0.00000000       4.73983049    
  -3.00000000       0.00000000       5.17846060    
  -2.00000000       0.00000000       5.49220276    
  -1.00000000       0.00000000       5.68027258    
   0.00000000       0.00000000       5.74289608    
   1.00000000       0.00000000       5.68027258    
   2.00000000       0.00000000       5.49220276    
   3.00000000       0.00000000       5.17846060    
   4.00000000       0.00000000       4.73983049    
   5.00000000       0.00000000       4.17957163    
   6.00000000       0.00000000       3.50496888    
   7.00000000       0.00000000       2.72858739    
   8.00000000       0.00000000       1.86887026    
   9.00000000       0.00000000      0.949861825    
  -9.00000000       1.00000000      0.939556479    
  -8.00000000       1.00000000       1.84858727    
  -7.00000000       1.00000000       2.69895744    
  -6.00000000       1.00000000       3.46688128    
  -5.00000000       1.00000000       4.13411665    
  -4.00000000       1.00000000       4.68824148    
  -3.00000000       1.00000000       5.12205553    
  -2.00000000       1.00000000       5.43234444    
  -1.00000000       1.00000000       5.61834049    
   0.00000000       1.00000000       5.68027258    
   1.00000000       1.00000000       5.61834049    
   2.00000000       1.00000000       5.43234444    
   3.00000000       1.00000000       5.12205553    
   4.00000000       1.00000000       4.68824148    
   5.00000000       1.00000000       4.13411665    
   6.00000000       1.00000000       3.46688128    
   7.00000000       1.00000000       2.69895744    
   8.00000000       1.00000000       1.84858716    
   9.00000000       1.00000000      0.939556420    
  -9.00000000       2.00000000      0.908594549    
  -8.00000000       2.00000000       1.78764951    
  -7.00000000       2.00000000       2.60994244    
  -6.00000000       2.00000000       3.35246444    
  -5.00000000       2.00000000       3.99757862    
  -4.00000000       2.00000000       4.53328562    
  -3.00000000       2.00000000       4.95264435    
  -2.00000000       2.00000000       5.25257015    
  -1.00000000       2.00000000       5.43234444    
   0.00000000       2.00000000       5.49220276    
   1.00000000       2.00000000       5.43234444    
   2.00000000       2.00000000       5.25257015    
   3.00000000       2.00000000       4.95264435    
   4.00000000       2.00000000       4.53328562    
   5.00000000       2.00000000       3.99757862    
   6.00000000       2.00000000       3.35246444    
   7.00000000       2.00000000       2.60994244    
   8.00000000       2.00000000       1.78764963    
   9.00000000       2.00000000      0.908594549    
  -9.00000000       3.00000000      0.856903315    
  -8.00000000       3.00000000       1.68591893    
  -7.00000000       3.00000000       2.46135116    
  -6.00000000       3.00000000       3.16149092    
  -5.00000000       3.00000000       3.76971006    
  -4.00000000       3.00000000       4.27471161    
  -3.00000000       3.00000000       4.66998100    
  -2.00000000       3.00000000       4.95264435    
  -1.00000000       3.00000000       5.12205553    
   0.00000000       3.00000000       5.17846060    
   1.00000000       3.00000000       5.12205553    
   2.00000000       3.00000000       4.95264435    
   3.00000000       3.00000000       4.66998100    
   4.00000000       3.00000000       4.27471113    
   5.00000000       3.00000000       3.76970983    
   6.00000000       3.00000000       3.16149068    
   7.00000000       3.00000000       2.46135116    
   8.00000000       3.00000000       1.68591893    
   9.00000000       3.00000000      0.856903315    
  -9.00000000       4.00000000      0.784562111    
  -8.00000000       4.00000000       1.54355824    
  -7.00000000       4.00000000       2.25343728    
  -6.00000000       4.00000000       2.89431214    
  -5.00000000       4.00000000       3.45096469    
  -4.00000000       4.00000000       3.91307449    
  -3.00000000       4.00000000       4.27471161    
  -2.00000000       4.00000000       4.53328562    
  -1.00000000       4.00000000       4.68824148    
   0.00000000       4.00000000       4.73983049    
   1.00000000       4.00000000       4.68824148    
   2.00000000       4.00000000       4.53328562    
   3.00000000       4.00000000       4.27471113    
   4.00000000       4.00000000       3.91307425    
   5.00000000       4.00000000       3.45096445    
   6.00000000       4.00000000       2.89431214    
   7.00000000       4.00000000       2.25343728    
   8.00000000       4.00000000       1.54355824    
   9.00000000       4.00000000      0.784562111    
  -9.00000000       5.00000000      0.692056119    
  -8.00000000       5.00000000       1.36152959    
  -7.00000000       5.00000000       1.98762214    
  -6.00000000       5.00000000       2.55278134    
  -5.00000000       5.00000000       3.04358935    
  -4.00000000       5.00000000       3.45096469    
  -3.00000000       5.00000000       3.76970983    
  -2.00000000       5.00000000       3.99757862    
  -1.00000000       5.00000000       4.13411665    
   0.00000000       5.00000000       4.17957163    
   1.00000000       5.00000000       4.13411665    
   2.00000000       5.00000000       3.99757862    
   3.00000000       5.00000000       3.76970983    
   4.00000000       5.00000000       3.45096445    
   5.00000000       5.00000000       3.04358935    
   6.00000000       5.00000000       2.55278134    
   7.00000000       5.00000000       1.98762214    
   8.00000000       5.00000000       1.36152959    
   9.00000000       5.00000000      0.692056119    
  -9.00000000       6.00000000      0.580545127    
  -8.00000000       6.00000000       1.14212060    
  -7.00000000       6.00000000       1.66726005    
  -6.00000000       6.00000000       2.14123058    
  -5.00000000       6.00000000       2.55278134    
  -4.00000000       6.00000000       2.89431214    
  -3.00000000       6.00000000       3.16149092    
  -2.00000000       6.00000000       3.35246444    
  -1.00000000       6.00000000       3.46688128    
   0.00000000       6.00000000       3.50496888    
   1.00000000       6.00000000       3.46688128    
   2.00000000       6.00000000       3.35246444    
   3.00000000       6.00000000       3.16149068    
   4.00000000       6.00000000       2.89431214    
   5.00000000       6.00000000       2.55278134    
   6.00000000       6.00000000       2.14123058    
   7.00000000       6.00000000       1.66726005    
   8.00000000       6.00000000       1.14212060    
   9.00000000       6.00000000      0.580545127    
  -9.00000000       7.00000000      0.452080309    
  -8.00000000       7.00000000      0.889370978    
  -7.00000000       7.00000000       1.29825699    
  -6.00000000       7.00000000       1.66726005    
  -5.00000000       7.00000000       1.98762214    
  -4.00000000       7.00000000       2.25343752    
  -3.00000000       7.00000000       2.46135116    
  -2.00000000       7.00000000       2.60994244    
  -1.00000000       7.00000000       2.69895744    
   0.00000000       7.00000000       2.72858739    
   1.00000000       7.00000000       2.69895744    
   2.00000000       7.00000000       2.60994244    
   3.00000000       7.00000000       2.46135116    
   4.00000000       7.00000000       2.25343728    
   5.00000000       7.00000000       1.98762214    
   6.00000000       7.00000000       1.66726005    
   7.00000000       7.00000000       1.29825699    
   8.00000000       7.00000000      0.889370918    
   9.00000000       7.00000000      0.452080309    
  -9.00000000       8.00000000      0.309709966    
  -8.00000000       8.00000000      0.609278440    
  -7.00000000       8.00000000      0.889370918    
  -6.00000000       8.00000000       1.14212060    
  -5.00000000       8.00000000       1.36152959    
  -4.00000000       8.00000000       1.54355824    
  -3.00000000       8.00000000       1.68591905    
  -2.00000000       8.00000000       1.78764963    
  -1.00000000       8.00000000       1.84858716    
   0.00000000       8.00000000       1.86887026    
   1.00000000       8.00000000       1.84858716    
   2.00000000       8.00000000       1.78764963    
   3.00000000       8.00000000       1.68591893    
   4.00000000       8.00000000       1.54355824    
   5.00000000       8.00000000       1.36152959    
   6.00000000       8.00000000       1.14212060    
   7.00000000       8.00000000      0.889370918    
   8.00000000       8.00000000      0.609278440    
   9.00000000       8.00000000      0.309709966    
  -9.00000000       9.00000000      0.157434136    
  -8.00000000       9.00000000      0.309709966    
  -7.00000000       9.00000000      0.452080280    
  -6.00000000       9.00000000      0.580545127    
  -5.00000000       9.00000000      0.692056179    
  -4.00000000       9.00000000      0.784562111    
  -3.00000000       9.00000000      0.856903315    
  -2.00000000       9.00000000      0.908594549    
  -1.00000000       9.00000000      0.939556420    
   0.00000000       9.00000000      0.949861825    
   1.00000000       9.00000000      0.939556420    
   2.00000000       9.00000000      0.908594549    
   3.00000000       9.00000000      0.856903315    
   4.00000000       9.00000000      0.784562111    
   5.00000000       9.00000000      0.692056119    
   6.00000000       9.00000000      0.580545127    
   7.00000000       9.00000000      0.452080309    
   8.00000000       9.00000000      0.309709966    
   9.00000000       9.00000000      0.157434136    
