   0.0000000   0.0000000   0.0000000
   0.1000000   0.0000000   0.0000000
   0.2000000   0.0000000   0.0000000
   0.3000000   0.0000000   0.0000000
   0.4000000   0.0000000   0.0000000
   0.5000000   0.0000000   0.0000000
   0.6000000   0.0000000   0.0000000
   0.7000000   0.0000000   0.0000000
   0.8000000   0.0000000   0.0000000
   0.9000000   0.0000000   0.0000000
   1.0000000   1.0101010E-02   0.0000000
   1.1000000   1.0101010E-02   0.0000000
   1.2000000   1.0101010E-02   0.0000000
   1.3000001   1.0101010E-02   0.0000000
   1.4000000   1.0101010E-02   0.0000000
   1.5000000   1.0101010E-02   8.8408761E-29
   1.6000000   1.0101010E-02   6.8074744E-27
   1.7000000   1.0101010E-02   7.2008939E-25
   1.8000001   1.0101010E-02   4.4141788E-23
   1.9000000   1.0101010E-02   1.7039091E-21
   2.0000000   1.0101010E-02   4.4457956E-20
   2.1000001   1.0101010E-02   8.3024159E-19
   2.2000000   1.0101010E-02   1.1627472E-17
   2.3000000   1.0101010E-02   1.2691206E-16
   2.4000001   1.0101010E-02   1.1146812E-15
   2.5000000   1.0101010E-02   8.0921758E-15
   2.6000001   1.0101010E-02   4.9667667E-14
   2.7000000   1.0101010E-02   2.6273734E-13
   2.8000000   1.0101010E-02   1.2177232E-12
   2.9000001   1.0101010E-02   5.0152773E-12
   3.0000000   1.0101010E-02   1.8580760E-11
   3.1000001   1.0101010E-02   6.2584646E-11
   3.2000000   1.0101010E-02   1.9343270E-10
   3.3000000   1.0101010E-02   5.5306704E-10
   3.4000001   1.0101010E-02   1.4733882E-09
   3.5000000   1.0101010E-02   3.6803507E-09
   3.6000001   1.0101010E-02   8.6681613E-09
   3.7000000   1.0101010E-02   1.9346091E-08
   3.8000000   1.0101010E-02   4.1097941E-08
   3.9000001   1.0101010E-02   8.3432418E-08
   4.0000000   1.0101010E-02   1.6243870E-07
   4.0999999   1.0101010E-02   3.0428546E-07
   4.2000003   1.0101010E-02   5.5000976E-07
   4.3000002   1.0101010E-02   9.6182600E-07
   4.4000001   1.0101010E-02   1.6311504E-06
   4.5000000   1.0101010E-02   2.6884506E-06
   4.5999999   1.0101010E-02   4.3149621E-06
   4.7000003   1.0101010E-02   6.7561641E-06
   4.8000002   1.0101010E-02   1.0336747E-05
   4.9000001   1.0101010E-02   1.5476868E-05
   5.0000000   1.0101010E-02   2.2708968E-05
   5.0999999   1.0101010E-02   3.2694807E-05
   5.2000003   1.0101010E-02   4.6241803E-05
   5.3000002   1.0101010E-02   6.4318119E-05
   5.4000001   1.0101010E-02   8.8065681E-05
   5.5000000   1.0101010E-02   1.1881067E-04
   5.5999999   1.0101010E-02   1.5806977E-04
   5.7000003   1.0101010E-02   2.0755449E-04
   5.8000002   1.0101010E-02   2.6916718E-04
   5.9000001   1.0101010E-02   3.4499774E-04
   6.0000000   1.0101010E-02   4.3731075E-04
   6.0999999   1.0101010E-02   5.4853159E-04
   6.2000003   1.0101010E-02   6.8122428E-04
   6.3000002   1.0101010E-02   8.3806878E-04
   6.4000001   1.0101010E-02   1.0218328E-03
   6.5000000   1.0101010E-02   1.2353403E-03
   6.5999999   1.0101010E-02   1.4814398E-03
   6.7000003   1.0101010E-02   1.7629674E-03
   6.8000002   1.0101010E-02   2.0827097E-03
   6.9000001   1.0101010E-02   2.4433709E-03
   7.0000000   1.0101010E-02   2.8475362E-03
   7.0999999   1.0101010E-02   3.2976333E-03
   7.2000003   1.0101010E-02   3.7959076E-03
   7.3000002   1.0101010E-02   4.3443860E-03
   7.4000001   1.0101010E-02   4.9448456E-03
   7.5000000   1.0101010E-02   5.5988054E-03
   7.5999999   1.0101010E-02   6.3074934E-03
   7.7000003   1.0101010E-02   7.0718233E-03
   7.8000002   1.0101010E-02   7.8923991E-03
   7.9000001   1.0101010E-02   8.7695066E-03
   8.0000000   1.0101010E-02   9.7030802E-03
   8.1000004   1.0101010E-02   1.0692741E-02
   8.1999998   1.0101010E-02   1.1737786E-02
   8.3000002   1.0101010E-02   1.2837165E-02
   8.4000006   1.0101010E-02   1.3989539E-02
   8.5000000   1.0101010E-02   1.5193256E-02
   8.6000004   1.0101010E-02   1.6446395E-02
   8.6999998   1.0101010E-02   1.7746739E-02
   8.8000002   1.0101010E-02   1.9091859E-02
   8.9000006   1.0101010E-02   2.0479083E-02
   9.0000000   1.0101010E-02   2.1905499E-02
   9.1000004   1.0101010E-02   2.3368094E-02
   9.1999998   1.0101010E-02   2.4863612E-02
   9.3000002   1.0101010E-02   2.6388722E-02
   9.4000006   1.0101010E-02   2.7939934E-02
   9.5000000   1.0101010E-02   2.9513719E-02
   9.6000004   1.0101010E-02   3.1106450E-02
   9.6999998   1.0101010E-02   3.2714475E-02
   9.8000002   1.0101010E-02   3.4334127E-02
   9.9000006   1.0101010E-02   3.5961710E-02
  10.0000000   1.0101010E-02   3.7593558E-02
  10.1000004   1.0101010E-02   3.9226100E-02
  10.1999998   1.0101010E-02   4.0855754E-02
  10.3000002   1.0101010E-02   4.2479042E-02
  10.4000006   1.0101010E-02   4.4092562E-02
  10.5000000   1.0101010E-02   4.5693018E-02
  10.6000004   1.0101010E-02   4.7277223E-02
  10.6999998   1.0101010E-02   4.8842132E-02
  10.8000002   1.0101010E-02   5.0384782E-02
  10.9000006   1.0101010E-02   5.1902402E-02
  11.0000000   1.0101010E-02   5.3392347E-02
  11.1000004   1.0101010E-02   5.4852132E-02
  11.1999998   1.0101010E-02   5.6279350E-02
  11.3000002   1.0101010E-02   5.7671931E-02
  11.4000006   1.0101010E-02   5.9027787E-02
  11.5000000   1.0101010E-02   6.0345016E-02
  11.6000004   1.0101010E-02   6.1622020E-02
  11.6999998   1.0101010E-02   6.2857158E-02
  11.8000002   1.0101010E-02   6.4049073E-02
  11.9000006   1.0101010E-02   6.5196574E-02
  12.0000000   1.0101010E-02   6.6298477E-02
  12.1000004   1.0101010E-02   6.7354023E-02
  12.1999998   1.0101010E-02   6.8362303E-02
  12.3000002   1.0101010E-02   6.9322653E-02
  12.4000006   1.0101010E-02   7.0234634E-02
  12.5000000   1.0101010E-02   7.1097858E-02
  12.6000004   1.0101010E-02   7.1912088E-02
  12.6999998   1.0101010E-02   7.2677128E-02
  12.8000002   1.0101010E-02   7.3393017E-02
  12.9000006   1.0101010E-02   7.4059837E-02
  13.0000000   1.0101010E-02   7.4677795E-02
  13.1000004   1.0101010E-02   7.5247087E-02
  13.1999998   1.0101010E-02   7.5768232E-02
  13.3000002   1.0101010E-02   7.6241612E-02
  13.4000006   1.0101010E-02   7.6667756E-02
  13.5000000   1.0101010E-02   7.7047355E-02
  13.6000004   1.0101010E-02   7.7381030E-02
  13.6999998   1.0101010E-02   7.7669553E-02
  13.8000002   1.0101010E-02   7.7913724E-02
  13.9000006   1.0101010E-02   7.8114383E-02
  14.0000000   1.0101010E-02   7.8272484E-02
  14.1000004   1.0101010E-02   7.8388914E-02
  14.1999998   1.0101010E-02   7.8464687E-02
  14.3000002   1.0101010E-02   7.8500770E-02
  14.4000006   1.0101010E-02   7.8498244E-02
  14.5000000   1.0101010E-02   7.8458220E-02
  14.6000004   1.0101010E-02   7.8381687E-02
  14.6999998   1.0101010E-02   7.8269795E-02
  14.8000002   1.0101010E-02   7.8123629E-02
  14.9000006   1.0101010E-02   7.7944398E-02
  15.0000000   1.0101010E-02   7.7733144E-02
  15.1000004   1.0101010E-02   7.7491015E-02
  15.1999998   1.0101010E-02   7.7219181E-02
  15.3000002   1.0101010E-02   7.6918744E-02
  15.4000006   1.0101010E-02   7.6590829E-02
  15.5000000   1.0101010E-02   7.6236591E-02
  15.6000004   1.0101010E-02   7.5857103E-02
  15.6999998   1.0101010E-02   7.5453490E-02
  15.8000002   1.0101010E-02   7.5026862E-02
  15.9000006   1.0101010E-02   7.4578285E-02
  16.0000000   1.0101010E-02   7.4108772E-02
  16.1000004   1.0101010E-02   7.3619425E-02
  16.2000008   1.0101010E-02   7.3111258E-02
  16.3000011   1.0101010E-02   7.2585285E-02
  16.3999996   1.0101010E-02   7.2042480E-02
  16.5000000   1.0101010E-02   7.1483798E-02
  16.6000004   1.0101010E-02   7.0910238E-02
  16.7000008   1.0101010E-02   7.0322655E-02
  16.8000011   1.0101010E-02   6.9722004E-02
  16.8999996   1.0101010E-02   6.9109201E-02
  17.0000000   1.0101010E-02   6.8485014E-02
  17.1000004   1.0101010E-02   6.7850314E-02
  17.2000008   1.0101010E-02   6.7205966E-02
  17.3000011   1.0101010E-02   6.6552669E-02
  17.3999996   1.0101010E-02   6.5891266E-02
  17.5000000   1.0101010E-02   6.5222427E-02
  17.6000004   1.0101010E-02   6.4546920E-02
  17.7000008   1.0101010E-02   6.3865393E-02
  17.8000011   1.0101010E-02   6.3178569E-02
  17.8999996   1.0101010E-02   6.2487077E-02
  18.0000000   1.0101010E-02   6.1791517E-02
  18.1000004   1.0101010E-02   6.1092496E-02
  18.2000008   1.0101010E-02   6.0390595E-02
  18.3000011   1.0101010E-02   5.9686404E-02
  18.3999996   1.0101010E-02   5.8980402E-02
  18.5000000   1.0101010E-02   5.8273140E-02
  18.6000004   1.0101010E-02   5.7565082E-02
  18.7000008   1.0101010E-02   5.6856729E-02
  18.8000011   1.0101010E-02   5.6148496E-02
  18.8999996   1.0101010E-02   5.5440880E-02
  19.0000000   1.0101010E-02   5.4734193E-02
  19.1000004   1.0101010E-02   5.4028898E-02
  19.2000008   1.0101010E-02   5.3325359E-02
  19.3000011   1.0101010E-02   5.2623935E-02
  19.3999996   1.0101010E-02   5.1924944E-02
  19.5000000   1.0101010E-02   5.1228728E-02
  19.6000004   1.0101010E-02   5.0535593E-02
  19.7000008   1.0101010E-02   4.9845811E-02
  19.8000011   1.0101010E-02   4.9159657E-02
  19.8999996   1.0101010E-02   4.8477422E-02
  20.0000000   1.0101010E-02   4.7799300E-02
  20.1000004   1.0101010E-02   4.7125548E-02
  20.2000008   1.0101010E-02   4.6456371E-02
  20.3000011   1.0101010E-02   4.5792017E-02
  20.3999996   1.0101010E-02   4.5132618E-02
  20.5000000   1.0101010E-02   4.4478368E-02
  20.6000004   1.0101010E-02   4.3829441E-02
  20.7000008   1.0101010E-02   4.3185983E-02
  20.8000011   1.0101010E-02   4.2548146E-02
  20.8999996   1.0101010E-02   4.1916057E-02
  21.0000000   1.0101010E-02   4.1289832E-02
  21.1000004   1.0101010E-02   4.0669598E-02
  21.2000008   1.0101010E-02   4.0055431E-02
  21.3000011   1.0101010E-02   3.9447431E-02
  21.3999996   1.0101010E-02   3.8845722E-02
  21.5000000   1.0101010E-02   3.8250327E-02
  21.6000004   1.0101010E-02   3.7661329E-02
  21.7000008   1.0101010E-02   3.7078790E-02
  21.8000011   1.0101010E-02   3.6502786E-02
  21.8999996   1.0101010E-02   3.5933331E-02
  22.0000000   1.0101010E-02   3.5370477E-02
  22.1000004   1.0101010E-02   3.4814242E-02
  22.2000008   1.0101010E-02   3.4264665E-02
  22.3000011   1.0101010E-02   3.3721764E-02
  22.3999996   1.0101010E-02   3.3185571E-02
  22.5000000   1.0101010E-02   3.2656059E-02
  22.6000004   1.0101010E-02   3.2133263E-02
  22.7000008   1.0101010E-02   3.1617165E-02
  22.8000011   1.0101010E-02   3.1107757E-02
  22.8999996   1.0101010E-02   3.0605042E-02
  23.0000000   1.0101010E-02   3.0109003E-02
  23.1000004   1.0101010E-02   2.9619612E-02
  23.2000008   1.0101010E-02   2.9136861E-02
  23.3000011   1.0101010E-02   2.8660703E-02
  23.3999996   1.0101010E-02   2.8191157E-02
  23.5000000   1.0101010E-02   2.7728135E-02
  23.6000004   1.0101010E-02   2.7271640E-02
  23.7000008   1.0101010E-02   2.6821602E-02
  23.8000011   1.0101010E-02   2.6378021E-02
  23.8999996   1.0101010E-02   2.5940835E-02
  24.0000000   1.0101010E-02   2.5509991E-02
  24.1000004   1.0101010E-02   2.5085457E-02
  24.2000008   1.0101010E-02   2.4667181E-02
  24.3000011   1.0101010E-02   2.4255114E-02
  24.3999996   1.0101010E-02   2.3849206E-02
  24.5000000   1.0101010E-02   2.3449389E-02
  24.6000004   1.0101010E-02   2.3055619E-02
  24.7000008   1.0101010E-02   2.2667833E-02
  24.8000011   1.0101010E-02   2.2285989E-02
  24.8999996   1.0101010E-02   2.1910021E-02
  25.0000000   1.0101010E-02   2.1539867E-02
  25.1000004   1.0101010E-02   2.1175459E-02
  25.2000008   1.0101010E-02   2.0816751E-02
  25.3000011   1.0101010E-02   2.0463666E-02
  25.3999996   1.0101010E-02   2.0116156E-02
  25.5000000   1.0101010E-02   1.9774146E-02
  25.6000004   1.0101010E-02   1.9437591E-02
  25.7000008   1.0101010E-02   1.9106394E-02
  25.8000011   1.0101010E-02   1.8780520E-02
  25.8999996   1.0101010E-02   1.8459894E-02
  26.0000000   1.0101010E-02   1.8144447E-02
  26.1000004   1.0101010E-02   1.7834110E-02
  26.2000008   1.0101010E-02   1.7528836E-02
  26.3000011   1.0101010E-02   1.7228547E-02
  26.3999996   1.0101010E-02   1.6933188E-02
  26.5000000   1.0101010E-02   1.6642675E-02
  26.6000004   1.0101010E-02   1.6356960E-02
  26.7000008   1.0101010E-02   1.6075963E-02
  26.8000011   1.0101010E-02   1.5799638E-02
  26.8999996   1.0101010E-02   1.5527913E-02
  27.0000000   1.0101010E-02   1.5260709E-02
  27.1000004   1.0101010E-02   1.4997984E-02
  27.2000008   1.0101010E-02   1.4739657E-02
  27.3000011   1.0101010E-02   1.4485680E-02
  27.3999996   1.0101010E-02   1.4235979E-02
  27.5000000   1.0101010E-02   1.3990493E-02
  27.6000004   1.0101010E-02   1.3749165E-02
  27.7000008   1.0101010E-02   1.3511929E-02
  27.8000011   1.0101010E-02   1.3278717E-02
  27.8999996   1.0101010E-02   1.3049487E-02
  28.0000000   1.0101010E-02   1.2824167E-02
  28.1000004   1.0101010E-02   1.2602692E-02
  28.2000008   1.0101010E-02   1.2385013E-02
  28.3000011   1.0101010E-02   1.2171067E-02
  28.3999996   1.0101010E-02   1.1960796E-02
  28.5000000   1.0101010E-02   1.1754146E-02
  28.6000004   1.0101010E-02   1.1551053E-02
  28.7000008   1.0101010E-02   1.1351465E-02
  28.8000011   1.0101010E-02   1.1155326E-02
  28.8999996   1.0101010E-02   1.0962586E-02
  29.0000000   1.0101010E-02   1.0773184E-02
  29.1000004   1.0101010E-02   1.0587063E-02
  29.2000008   1.0101010E-02   1.0404177E-02
  29.3000011   1.0101010E-02   1.0224474E-02
  29.3999996   1.0101010E-02   1.0047898E-02
  29.5000000   1.0101010E-02   9.8743979E-03
  29.6000004   1.0101010E-02   9.7039230E-03
  29.7000008   1.0101010E-02   9.5364274E-03
  29.8000011   1.0101010E-02   9.3718609E-03
  29.8999996   1.0101010E-02   9.2101740E-03
  30.0000000   1.0101010E-02   9.0513118E-03
  30.1000004   1.0101010E-02   8.8952379E-03
  30.2000008   1.0101010E-02   8.7419003E-03
  30.3000011   1.0101010E-02   8.5912459E-03
  30.3999996   1.0101010E-02   8.4432494E-03
  30.5000000   1.0101010E-02   8.2978420E-03
  30.6000004   1.0101010E-02   8.1549948E-03
  30.7000008   1.0101010E-02   8.0146594E-03
  30.8000011   1.0101010E-02   7.8767948E-03
  30.8999996   1.0101010E-02   7.7413605E-03
  31.0000000   1.0101010E-02   7.6083057E-03
  31.1000004   1.0101010E-02   7.4776015E-03
  31.2000008   1.0101010E-02   7.3491973E-03
  31.3000011   1.0101010E-02   7.2230590E-03
  31.3999996   1.0101010E-02   7.0991484E-03
  31.5000000   1.0101010E-02   6.9774212E-03
  31.6000004   1.0101010E-02   6.8578473E-03
  31.7000008   1.0101010E-02   6.7403815E-03
  31.8000011   1.0101010E-02   6.6249897E-03
  31.8999996   1.0101010E-02   6.5116403E-03
  32.0000000   1.0101010E-02   6.4002909E-03
  32.1000023   1.0101010E-02   6.2909061E-03
  32.2000008   1.0101010E-02   6.1834585E-03
  32.2999992   1.0101010E-02   6.0779126E-03
  32.4000015   1.0101010E-02   5.9742266E-03
  32.5000000   1.0101010E-02   5.8723777E-03
  32.6000023   1.0101010E-02   5.7723275E-03
  32.7000008   1.0101010E-02   5.6740460E-03
  32.7999992   1.0101010E-02   5.5775032E-03
  32.9000015   1.0101010E-02   5.4826634E-03
  33.0000000   1.0101010E-02   5.3895051E-03
  33.1000023   1.0101010E-02   5.2979887E-03
  33.2000008   1.0101010E-02   5.2080932E-03
  33.2999992   1.0101010E-02   5.1197857E-03
  33.4000015   1.0101010E-02   5.0330348E-03
  33.5000000   1.0101010E-02   4.9478197E-03
  33.6000023   1.0101010E-02   4.8641078E-03
  33.7000008   1.0101010E-02   4.7818758E-03
  33.7999992   1.0101010E-02   4.7010970E-03
  33.9000015   1.0101010E-02   4.6217400E-03
  34.0000000   1.0101010E-02   4.5437869E-03
  34.1000023   1.0101010E-02   4.4672065E-03
  34.2000008   1.0101010E-02   4.3919776E-03
  34.2999992   1.0101010E-02   4.3180771E-03
  34.4000015   1.0101010E-02   4.2454759E-03
  34.5000000   1.0101010E-02   4.1741556E-03
  34.6000023   1.0101010E-02   4.1040899E-03
  34.7000008   1.0101010E-02   4.0352601E-03
  34.7999992   1.0101010E-02   3.9676428E-03
  34.9000015   1.0101010E-02   3.9012111E-03
  35.0000000   1.0101010E-02   3.8359512E-03
  35.1000023   1.0101010E-02   3.7718345E-03
  35.2000008   1.0101010E-02   3.7088485E-03
  35.2999992   1.0101010E-02   3.6469686E-03
  35.4000015   1.0101010E-02   3.5861721E-03
  35.5000000   1.0101010E-02   3.5264462E-03
  35.6000023   1.0101010E-02   3.4677640E-03
  35.7000008   1.0101010E-02   3.4101128E-03
  35.7999992   1.0101010E-02   3.3534730E-03
  35.9000015   1.0101010E-02   3.2978214E-03
  36.0000000   1.0101010E-02   3.2431472E-03
  36.1000023   1.0101010E-02   3.1894271E-03
  36.2000008   1.0101010E-02   3.1366476E-03
  36.2999992   1.0101010E-02   3.0847909E-03
  36.4000015   1.0101010E-02   3.0338373E-03
  36.5000000   1.0101010E-02   2.9837764E-03
  36.6000023   1.0101010E-02   2.9345872E-03
  36.7000008   1.0101010E-02   2.8862546E-03
  36.7999992   1.0101010E-02   2.8387660E-03
  36.9000015   1.0101010E-02   2.7921023E-03
  37.0000000   1.0101010E-02   2.7462519E-03
  37.1000023   1.0101010E-02   2.7011964E-03
  37.2000008   1.0101010E-02   2.6569269E-03
  37.2999992   1.0101010E-02   2.6134250E-03
  37.4000015   1.0101010E-02   2.5706769E-03
  37.5000000   1.0101010E-02   2.5286721E-03
  37.6000023   1.0101010E-02   2.4873926E-03
  37.7000008   1.0101010E-02   2.4468307E-03
  37.7999992   1.0101010E-02   2.4069708E-03
  37.9000015   1.0101010E-02   2.3677987E-03
  38.0000000   1.0101010E-02   2.3293037E-03
  38.1000023   1.0101010E-02   2.2914733E-03
  38.2000008   1.0101010E-02   2.2542961E-03
  38.2999992   1.0101010E-02   2.2177601E-03
  38.4000015   1.0101010E-02   2.1818525E-03
  38.5000000   1.0101010E-02   2.1465644E-03
  38.6000023   1.0101010E-02   2.1118822E-03
  38.7000008   1.0101010E-02   2.0777977E-03
  38.7999992   1.0101010E-02   2.0442975E-03
  38.9000015   1.0101010E-02   2.0113722E-03
  39.0000000   1.0101010E-02   1.9790125E-03
  39.1000023   1.0101010E-02   1.9472059E-03
  39.2000008   1.0101010E-02   1.9159447E-03
  39.2999992   1.0101010E-02   1.8852189E-03
  39.4000015   1.0101010E-02   1.8550163E-03
  39.5000000   1.0101010E-02   1.8253319E-03
  39.6000023   1.0101010E-02   1.7961524E-03
  39.7000008   1.0101010E-02   1.7674712E-03
  39.7999992   1.0101010E-02   1.7392787E-03
  39.9000015   1.0101010E-02   1.7115647E-03
  40.0000000   1.0101010E-02   1.6843237E-03
  40.1000023   1.0101010E-02   1.6575444E-03
  40.2000008   1.0101010E-02   1.6312202E-03
  40.2999992   1.0101010E-02   1.6053431E-03
  40.4000015   1.0101010E-02   1.5799031E-03
  40.5000000   1.0101010E-02   1.5548960E-03
  40.6000023   1.0101010E-02   1.5303100E-03
  40.7000008   1.0101010E-02   1.5061408E-03
  40.7999992   1.0101010E-02   1.4823794E-03
  40.9000015   1.0101010E-02   1.4590177E-03
  41.0000000   1.0101010E-02   1.4360513E-03
  41.1000023   1.0101010E-02   1.4134704E-03
  41.2000008   1.0101010E-02   1.3912704E-03
  41.2999992   1.0101010E-02   1.3694438E-03
  41.4000015   1.0101010E-02   1.3479830E-03
  41.5000000   1.0101010E-02   1.3268830E-03
  41.6000023   1.0101010E-02   1.3061357E-03
  41.7000008   1.0101010E-02   1.2857368E-03
  41.7999992   1.0101010E-02   1.2656789E-03
  41.9000015   1.0101010E-02   1.2459562E-03
  42.0000000   1.0101010E-02   1.2265630E-03
  42.1000023   1.0101010E-02   1.2074934E-03
  42.2000008   1.0101010E-02   1.1887413E-03
  42.2999992   1.0101010E-02   1.1703018E-03
  42.4000015   1.0101010E-02   1.1521687E-03
  42.5000000   1.0101010E-02   1.1343373E-03
  42.6000023   1.0101010E-02   1.1168018E-03
  42.7000008   1.0101010E-02   1.0995574E-03
  42.7999992   1.0101010E-02   1.0825987E-03
  42.9000015   1.0101010E-02   1.0659203E-03
  43.0000000   1.0101010E-02   1.0495182E-03
  43.1000023   1.0101010E-02   1.0333867E-03
  43.2000008   1.0101010E-02   1.0175220E-03
  43.2999992   1.0101010E-02   1.0019188E-03
  43.4000015   1.0101010E-02   9.8657212E-04
  43.5000000   1.0101010E-02   9.7147853E-04
  43.6000023   1.0101010E-02   9.5663255E-04
  43.7000008   1.0101010E-02   9.4203092E-04
  43.7999992   1.0101010E-02   9.2766859E-04
  43.9000015   1.0101010E-02   9.1354153E-04
  44.0000000   1.0101010E-02   8.9964614E-04
  44.1000023   1.0101010E-02   8.8597764E-04
  44.2000008   1.0101010E-02   8.7253301E-04
  44.2999992   1.0101010E-02   8.5930771E-04
  44.4000015   1.0101010E-02   8.4629736E-04
  44.5000000   1.0101010E-02   8.3350000E-04
  44.6000023   1.0101010E-02   8.2090998E-04
  44.7000008   1.0101010E-02   8.0852519E-04
  44.7999992   1.0101010E-02   7.9634145E-04
  44.9000015   1.0101010E-02   7.8435504E-04
  45.0000000   1.0101010E-02   7.7256327E-04
  45.1000023   1.0101010E-02   7.6096214E-04
  45.2000008   1.0101010E-02   7.4954872E-04
  45.2999992   1.0101010E-02   7.3832000E-04
  45.4000015   1.0101010E-02   7.2727195E-04
  45.5000000   1.0101010E-02   7.1640249E-04
  45.6000023   1.0101010E-02   7.0570759E-04
  45.7000008   1.0101010E-02   6.9518521E-04
  45.7999992   1.0101010E-02   6.8483199E-04
  45.9000015   1.0101010E-02   6.7464425E-04
  46.0000000   1.0101010E-02   6.6462043E-04
  46.1000023   1.0101010E-02   6.5475708E-04
  46.2000008   1.0101010E-02   6.4505194E-04
  46.2999992   1.0101010E-02   6.3550146E-04
  46.4000015   1.0101010E-02   6.2610343E-04
  46.5000000   1.0101010E-02   6.1685569E-04
  46.6000023   1.0101010E-02   6.0775504E-04
  46.7000008   1.0101010E-02   5.9879950E-04
  46.7999992   1.0101010E-02   5.8998656E-04
  46.9000015   1.0101010E-02   5.8131275E-04
  47.0000000   1.0101010E-02   5.7277741E-04
  47.1000023   1.0101010E-02   5.6437671E-04
  47.2000008   1.0101010E-02   5.5610947E-04
  47.2999992   1.0101010E-02   5.4797303E-04
  47.4000015   1.0101010E-02   5.3996471E-04
  47.5000000   1.0101010E-02   5.3208304E-04
  47.6000023   1.0101010E-02   5.2432541E-04
  47.7000008   1.0101010E-02   5.1669037E-04
  47.7999992   1.0101010E-02   5.0917547E-04
  47.9000015   1.0101010E-02   5.0177803E-04
  48.0000000   1.0101010E-02   4.9449713E-04
  48.1000023   1.0101010E-02   4.8732999E-04
  48.2000008   1.0101010E-02   4.8027560E-04
  48.2999992   1.0101010E-02   4.7333157E-04
  48.4000015   1.0101010E-02   4.6649578E-04
  48.5000000   1.0101010E-02   4.5976674E-04
  48.6000023   1.0101010E-02   4.5314271E-04
  48.7000008   1.0101010E-02   4.4662185E-04
  48.7999992   1.0101010E-02   4.4020265E-04
  48.9000015   1.0101010E-02   4.3388290E-04
  49.0000000   1.0101010E-02   4.2766135E-04
  49.1000023   1.0101010E-02   4.2153627E-04
  49.2000008   1.0101010E-02   4.1550622E-04
  49.2999992   1.0101010E-02   4.0956950E-04
  49.4000015   1.0101010E-02   4.0372438E-04
  49.5000000   1.0101010E-02   3.9796959E-04
  49.6000023   1.0101010E-02   3.9230354E-04
  49.7000008   1.0101010E-02   3.8672498E-04
  49.7999992   1.0101010E-02   3.8123209E-04
  49.9000015   1.0101010E-02   3.7582355E-04
  50.0000000   1.0101010E-02   3.7049831E-04
  50.1000023   1.0101010E-02   3.6525444E-04
  50.2000008   1.0101010E-02   3.6009128E-04
  50.2999992   1.0101010E-02   3.5500698E-04
  50.4000015   1.0101010E-02   3.5000031E-04
  50.5000000   1.0101010E-02   3.4507032E-04
  50.6000023   1.0101010E-02   3.4021528E-04
  50.7000008   1.0101010E-02   3.3543442E-04
  50.7999992   1.0101010E-02   3.3072635E-04
  50.9000015   1.0101010E-02   3.2608965E-04
  51.0000000   1.0101010E-02   3.2152358E-04
  51.1000023   1.0101010E-02   3.1702663E-04
  51.2000008   1.0101010E-02   3.1259790E-04
  51.2999992   1.0101010E-02   3.0823625E-04
  51.4000015   1.0101010E-02   3.0394044E-04
  51.5000000   1.0101010E-02   2.9970962E-04
  51.6000023   1.0101010E-02   2.9554250E-04
  51.7000008   1.0101010E-02   2.9143831E-04
  51.7999992   1.0101010E-02   2.8739593E-04
  51.9000015   1.0101010E-02   2.8341412E-04
  52.0000000   1.0101010E-02   2.7949232E-04
  52.1000023   1.0101010E-02   2.7562919E-04
  52.2000008   1.0101010E-02   2.7182410E-04
  52.2999992   1.0101010E-02   2.6807596E-04
  52.4000015   1.0101010E-02   2.6438382E-04
  52.5000000   1.0101010E-02   2.6074683E-04
  52.6000023   1.0101010E-02   2.5716398E-04
  52.7000008   1.0101010E-02   2.5363485E-04
  52.7999992   1.0101010E-02   2.5015813E-04
  52.9000015   1.0101010E-02   2.4673293E-04
  53.0000000   1.0101010E-02   2.4335881E-04
  53.1000023   1.0101010E-02   2.4003461E-04
  53.2000008   1.0101010E-02   2.3675976E-04
  53.2999992   1.0101010E-02   2.3353340E-04
  53.4000015   1.0101010E-02   2.3035461E-04
  53.5000000   1.0101010E-02   2.2722292E-04
  53.6000023   1.0101010E-02   2.2413733E-04
  53.7000008   1.0101010E-02   2.2109741E-04
  53.7999992   1.0101010E-02   2.1810218E-04
  53.9000015   1.0101010E-02   2.1515085E-04
  54.0000000   1.0101010E-02   2.1224302E-04
  54.1000023   1.0101010E-02   2.0937764E-04
  54.2000008   1.0101010E-02   2.0655454E-04
  54.2999992   1.0101010E-02   2.0377268E-04
  54.4000015   1.0101010E-02   2.0103141E-04
  54.5000000   1.0101010E-02   1.9833028E-04
  54.6000023   1.0101010E-02   1.9566847E-04
  54.7000008   1.0101010E-02   1.9304561E-04
  54.7999992   1.0101010E-02   1.9046081E-04
  54.9000015   1.0101010E-02   1.8791361E-04
  55.0000000   1.0101010E-02   1.8540341E-04
  55.1000023   1.0101010E-02   1.8292965E-04
  55.2000008   1.0101010E-02   1.8049178E-04
  55.2999992   1.0101010E-02   1.7808925E-04
  55.4000015   1.0101010E-02   1.7572139E-04
  55.5000000   1.0101010E-02   1.7338776E-04
  55.6000023   1.0101010E-02   1.7108774E-04
  55.7000008   1.0101010E-02   1.6882093E-04
  55.7999992   1.0101010E-02   1.6658679E-04
  55.9000015   1.0101010E-02   1.6438471E-04
  56.0000000   1.0101010E-02   1.6221432E-04
  56.1000023   1.0101010E-02   1.6007501E-04
  56.2000008   1.0101010E-02   1.5796647E-04
  56.2999992   1.0101010E-02   1.5588805E-04
  56.4000015   1.0101010E-02   1.5383933E-04
  56.5000000   1.0101010E-02   1.5181997E-04
  56.6000023   1.0101010E-02   1.4982934E-04
  56.7000008   1.0101010E-02   1.4786712E-04
  56.7999992   1.0101010E-02   1.4593288E-04
  56.9000015   1.0101010E-02   1.4402607E-04
  57.0000000   1.0101010E-02   1.4214648E-04
  57.1000023   1.0101010E-02   1.4029341E-04
  57.2000008   1.0101010E-02   1.3846668E-04
  57.2999992   1.0101010E-02   1.3666590E-04
  57.4000015   1.0101010E-02   1.3489043E-04
  57.5000000   1.0101010E-02   1.3314019E-04
  57.6000023   1.0101010E-02   1.3141453E-04
  57.7000008   1.0101010E-02   1.2971328E-04
  57.7999992   1.0101010E-02   1.2803597E-04
  57.9000015   1.0101010E-02   1.2638222E-04
  58.0000000   1.0101010E-02   1.2475179E-04
  58.1000023   1.0101010E-02   1.2314419E-04
  58.2000008   1.0101010E-02   1.2155917E-04
  58.2999992   1.0101010E-02   1.1999626E-04
  58.4000015   1.0101010E-02   1.1845526E-04
  58.5000000   1.0101010E-02   1.1693581E-04
  58.6000023   1.0101010E-02   1.1543756E-04
  58.7000008   1.0101010E-02   1.1396020E-04
  58.7999992   1.0101010E-02   1.1250345E-04
  58.9000015   1.0101010E-02   1.1106687E-04
  59.0000000   1.0101010E-02   1.0965034E-04
  59.1000023   1.0101010E-02   1.0825343E-04
  59.2000008   1.0101010E-02   1.0687591E-04
  59.2999992   1.0101010E-02   1.0551752E-04
  59.4000015   1.0101010E-02   1.0417786E-04
  59.5000000   1.0101010E-02   1.0285674E-04
  59.6000023   1.0101010E-02   1.0155382E-04
  59.7000008   1.0101010E-02   1.0026891E-04
  59.7999992   1.0101010E-02   9.9001714E-05
  59.9000015   1.0101010E-02   9.7751945E-05
  60.0000000   1.0101010E-02   9.6519354E-05
  60.1000023   1.0101010E-02   9.5303621E-05
  60.2000008   1.0101010E-02   9.4104609E-05
  60.2999992   1.0101010E-02   9.2922091E-05
  60.4000015   1.0101010E-02   9.1755661E-05
  60.5000000   1.0101010E-02   9.0605223E-05
  60.6000023   1.0101010E-02   8.9470457E-05
  60.7000008   1.0101010E-02   8.8351204E-05
  60.7999992   1.0101010E-02   8.7247230E-05
  60.9000015   1.0101010E-02   8.6158216E-05
  61.0000000   1.0101010E-02   8.5084052E-05
  61.1000023   1.0101010E-02   8.4024432E-05
  61.2000008   1.0101010E-02   8.2979241E-05
  61.2999992   1.0101010E-02   8.1948208E-05
  61.4000015   1.0101010E-02   8.0931080E-05
  61.5000000   1.0101010E-02   7.9927762E-05
  61.6000023   1.0101010E-02   7.8937970E-05
  61.7000008   1.0101010E-02   7.7961529E-05
  61.7999992   1.0101010E-02   7.6998287E-05
  61.9000015   1.0101010E-02   7.6047938E-05
  62.0000000   1.0101010E-02   7.5110453E-05
  62.1000023   1.0101010E-02   7.4185496E-05
  62.2000008   1.0101010E-02   7.3272997E-05
  62.2999992   1.0101010E-02   7.2372713E-05
  62.4000015   1.0101010E-02   7.1484479E-05
  62.5000000   1.0101010E-02   7.0608134E-05
  62.6000023   1.0101010E-02   6.9743488E-05
  62.7000008   1.0101010E-02   6.8890404E-05
  62.7999992   1.0101010E-02   6.8048692E-05
  62.9000015   1.0101010E-02   6.7218156E-05
  63.0000000   1.0101010E-02   6.6398694E-05
  63.1000023   1.0101010E-02   6.5590102E-05
  63.2000008   1.0101010E-02   6.4792279E-05
  63.2999992   1.0101010E-02   6.4005020E-05
  63.4000015   1.0101010E-02   6.3228174E-05
  63.5000000   1.0101010E-02   6.2461637E-05
  63.6000023   1.0101010E-02   6.1705192E-05
  63.7000008   1.0101010E-02   6.0958762E-05
  63.7999992   1.0101010E-02   6.0222206E-05
  63.9000015   1.0101010E-02   5.9495294E-05
  64.0000000   1.0101010E-02   5.8777998E-05
  64.0999985   1.0101010E-02   5.8070116E-05
  64.2000046   1.0101010E-02   5.7371468E-05
  64.3000031   1.0101010E-02   5.6682082E-05
  64.4000015   1.0101010E-02   5.6001692E-05
  64.5000000   1.0101010E-02   5.5330220E-05
  64.5999985   1.0101010E-02   5.4667533E-05
  64.7000046   1.0101010E-02   5.4013464E-05
  64.8000031   1.0101010E-02   5.3367945E-05
  64.9000015   1.0101010E-02   5.2730855E-05
  65.0000000   1.0101010E-02   5.2102070E-05
  65.0999985   1.0101010E-02   5.1481442E-05
  65.2000046   1.0101010E-02   5.0868861E-05
  65.3000031   1.0101010E-02   5.0264272E-05
  65.4000015   1.0101010E-02   4.9667513E-05
  65.5000000   1.0101010E-02   4.9078484E-05
  65.5999985   1.0101010E-02   4.8497081E-05
  65.7000046   1.0101010E-02   4.7923146E-05
  65.8000031   1.0101010E-02   4.7356654E-05
  65.9000015   1.0101010E-02   4.6797479E-05
  66.0000000   1.0101010E-02   4.6245495E-05
  66.0999985   1.0101010E-02   4.5700628E-05
  66.2000046   1.0101010E-02   4.5162735E-05
  66.3000031   1.0101010E-02   4.4631783E-05
  66.4000015   1.0101010E-02   4.4107612E-05
  66.5000000   1.0101010E-02   4.3590189E-05
  66.5999985   1.0101010E-02   4.3079381E-05
  66.7000046   1.0101010E-02   4.2575084E-05
  66.8000031   1.0101010E-02   4.2077238E-05
  66.9000015   1.0101010E-02   4.1585772E-05
  67.0000000   1.0101010E-02   4.1100549E-05
  67.0999985   1.0101010E-02   4.0621526E-05
  67.2000046   1.0101010E-02   4.0148545E-05
  67.3000031   1.0101010E-02   3.9681621E-05
  67.4000015   1.0101010E-02   3.9220620E-05
  67.5000000   1.0101010E-02   3.8765469E-05
  67.5999985   1.0101010E-02   3.8316059E-05
  67.7000046   1.0101010E-02   3.7872320E-05
  67.8000031   1.0101010E-02   3.7434234E-05
  67.9000015   1.0101010E-02   3.7001671E-05
  68.0000000   1.0101010E-02   3.6574573E-05
  68.0999985   1.0101010E-02   3.6152833E-05
  68.2000046   1.0101010E-02   3.5736393E-05
  68.3000031   1.0101010E-02   3.5325214E-05
  68.4000015   1.0101010E-02   3.4919187E-05
  68.5000000   1.0101010E-02   3.4518285E-05
  68.5999985   1.0101010E-02   3.4122386E-05
  68.7000046   1.0101010E-02   3.3731423E-05
  68.8000031   1.0101010E-02   3.3345372E-05
  68.9000015   1.0101010E-02   3.2964155E-05
  69.0000000   1.0101010E-02   3.2587697E-05
  69.0999985   1.0101010E-02   3.2215925E-05
  69.2000046   1.0101010E-02   3.1848758E-05
  69.3000031   1.0101010E-02   3.1486201E-05
  69.4000015   1.0101010E-02   3.1128140E-05
  69.5000000   1.0101010E-02   3.0774529E-05
  69.5999985   1.0101010E-02   3.0425304E-05
  69.7000046   1.0101010E-02   3.0080382E-05
  69.8000031   1.0101010E-02   2.9739744E-05
  69.9000015   1.0101010E-02   2.9403336E-05
  70.0000000   1.0101010E-02   2.9071070E-05
  70.0999985   1.0101010E-02   2.8742919E-05
  70.2000046   1.0101010E-02   2.8418774E-05
  70.3000031   1.0101010E-02   2.8098662E-05
  70.4000015   1.0101010E-02   2.7782480E-05
  70.5000000   1.0101010E-02   2.7470185E-05
  70.5999985   1.0101010E-02   2.7161725E-05
  70.7000046   1.0101010E-02   2.6857026E-05
  70.8000031   1.0101010E-02   2.6556078E-05
  70.9000015   1.0101010E-02   2.6258827E-05
  71.0000000   1.0101010E-02   2.5965197E-05
  71.0999985   1.0101010E-02   2.5675163E-05
  71.2000046   1.0101010E-02   2.5388639E-05
  71.3000031   1.0101010E-02   2.5105630E-05
  71.4000015   1.0101010E-02   2.4826080E-05
  71.5000000   1.0101010E-02   2.4549910E-05
  71.5999985   1.0101010E-02   2.4277118E-05
  71.7000046   1.0101010E-02   2.4007604E-05
  71.8000031   1.0101010E-02   2.3741384E-05
  71.9000015   1.0101010E-02   2.3478387E-05
  72.0000000   1.0101010E-02   2.3218581E-05
  72.0999985   1.0101010E-02   2.2961909E-05
  72.2000046   1.0101010E-02   2.2708318E-05
  72.3000031   1.0101010E-02   2.2457809E-05
  72.4000015   1.0101010E-02   2.2210317E-05
  72.5000000   1.0101010E-02   2.1965807E-05
  72.5999985   1.0101010E-02   2.1724240E-05
  72.7000046   1.0101010E-02   2.1485555E-05
  72.8000031   1.0101010E-02   2.1249758E-05
  72.9000015   1.0101010E-02   2.1016787E-05
  73.0000000   1.0101010E-02   2.0786605E-05
  73.0999985   1.0101010E-02   2.0559182E-05
  73.2000046   1.0101010E-02   2.0334459E-05
  73.3000031   1.0101010E-02   2.0112439E-05
  73.4000015   1.0101010E-02   1.9893063E-05
  73.5000000   1.0101010E-02   1.9676312E-05
  73.5999985   1.0101010E-02   1.9462137E-05
  73.7000046   1.0101010E-02   1.9250494E-05
  73.8000031   1.0101010E-02   1.9041381E-05
  73.9000015   1.0101010E-02   1.8834755E-05
  74.0000000   1.0101010E-02   1.8630575E-05
  74.0999985   1.0101010E-02   1.8428820E-05
  74.2000046   1.0101010E-02   1.8229437E-05
  74.3000031   1.0101010E-02   1.8032428E-05
  74.4000015   1.0101010E-02   1.7837740E-05
  74.5000000   1.0101010E-02   1.7645358E-05
  74.5999985   1.0101010E-02   1.7455237E-05
  74.7000046   1.0101010E-02   1.7267341E-05
  74.8000031   1.0101010E-02   1.7081678E-05
  74.9000015   1.0101010E-02   1.6898186E-05
  75.0000000   1.0101010E-02   1.6716862E-05
  75.0999985   1.0101010E-02   1.6537655E-05
  75.2000046   1.0101010E-02   1.6360538E-05
  75.3000031   1.0101010E-02   1.6185511E-05
  75.4000015   1.0101010E-02   1.6012531E-05
  75.5000000   1.0101010E-02   1.5841570E-05
  75.5999985   1.0101010E-02   1.5672607E-05
  75.7000046   1.0101010E-02   1.5505600E-05
  75.8000031   1.0101010E-02   1.5340553E-05
  75.9000015   1.0101010E-02   1.5177423E-05
  76.0000000   1.0101010E-02   1.5016193E-05
  76.0999985   1.0101010E-02   1.4856836E-05
  76.2000046   1.0101010E-02   1.4699315E-05
  76.3000031   1.0101010E-02   1.4543636E-05
  76.4000015   1.0101010E-02   1.4389758E-05
  76.5000000   1.0101010E-02   1.4237651E-05
  76.5999985   1.0101010E-02   1.4087318E-05
  76.7000046   1.0101010E-02   1.3938702E-05
  76.8000031   1.0101010E-02   1.3791810E-05
  76.9000015   1.0101010E-02   1.3646613E-05
  77.0000000   1.0101010E-02   1.3503089E-05
  77.0999985   1.0101010E-02   1.3361216E-05
  77.2000046   1.0101010E-02   1.3220959E-05
  77.3000031   1.0101010E-02   1.3082328E-05
  77.4000015   1.0101010E-02   1.2945283E-05
  77.5000000   1.0101010E-02   1.2809808E-05
  77.5999985   1.0101010E-02   1.2675886E-05
  77.7000046   1.0101010E-02   1.2543484E-05
  77.8000031   1.0101010E-02   1.2412601E-05
  77.9000015   1.0101010E-02   1.2283215E-05
  78.0000000   1.0101010E-02   1.2155308E-05
  78.0999985   1.0101010E-02   1.2028856E-05
  78.2000046   1.0101010E-02   1.1903828E-05
  78.3000031   1.0101010E-02   1.1780241E-05
  78.4000015   1.0101010E-02   1.1658051E-05
  78.5000000   1.0101010E-02   1.1537249E-05
  78.5999985   1.0101010E-02   1.1417815E-05
  78.7000046   1.0101010E-02   1.1299724E-05
  78.8000031   1.0101010E-02   1.1182980E-05
  78.9000015   1.0101010E-02   1.1067553E-05
  79.0000000   1.0101010E-02   1.0953430E-05
  79.0999985   1.0101010E-02   1.0840597E-05
  79.2000046   1.0101010E-02   1.0729024E-05
  79.3000031   1.0101010E-02   1.0618718E-05
  79.4000015   1.0101010E-02   1.0509653E-05
  79.5000000   1.0101010E-02   1.0401811E-05
  79.5999985   1.0101010E-02   1.0295182E-05
  79.7000046   1.0101010E-02   1.0189742E-05
  79.8000031   1.0101010E-02   1.0085486E-05
  79.9000015   1.0101010E-02   9.9824019E-06
  80.0000000   1.0101010E-02   9.8804721E-06
  80.0999985   1.0101010E-02   9.7796774E-06
  80.2000046   1.0101010E-02   9.6799977E-06
  80.3000031   1.0101010E-02   9.5814430E-06
  80.4000015   1.0101010E-02   9.4839843E-06
  80.5000000   1.0101010E-02   9.3876106E-06
  80.5999985   1.0101010E-02   9.2923083E-06
  80.7000046   1.0101010E-02   9.1980573E-06
  80.8000031   1.0101010E-02   9.1048551E-06
  80.9000015   1.0101010E-02   9.0126914E-06
  81.0000000   1.0101010E-02   8.9215519E-06
  81.0999985   1.0101010E-02   8.8314137E-06
  81.2000046   1.0101010E-02   8.7422677E-06
  81.3000031   1.0101010E-02   8.6541158E-06
  81.4000015   1.0101010E-02   8.5669335E-06
  81.5000000   1.0101010E-02   8.4807143E-06
  81.5999985   1.0101010E-02   8.3954419E-06
  81.7000046   1.0101010E-02   8.3111045E-06
  81.8000031   1.0101010E-02   8.2277002E-06
  81.9000015   1.0101010E-02   8.1452108E-06
  82.0000000   1.0101010E-02   8.0636273E-06
  82.0999985   1.0101010E-02   7.9829388E-06
  82.2000046   1.0101010E-02   7.9031270E-06
  82.3000031   1.0101010E-02   7.8241965E-06
  82.4000015   1.0101010E-02   7.7461254E-06
  82.5000000   1.0101010E-02   7.6689075E-06
  82.5999985   1.0101010E-02   7.5925332E-06
  82.7000046   1.0101010E-02   7.5169833E-06
  82.8000031   1.0101010E-02   7.4422651E-06
  82.9000015   1.0101010E-02   7.3683609E-06
  83.0000000   1.0101010E-02   7.2952580E-06
  83.0999985   1.0101010E-02   7.2229486E-06
  83.2000046   1.0101010E-02   7.1514173E-06
  83.3000031   1.0101010E-02   7.0806686E-06
  83.4000015   1.0101010E-02   7.0106862E-06
  83.5000000   1.0101010E-02   6.9414609E-06
  83.5999985   1.0101010E-02   6.8729819E-06
  83.7000046   1.0101010E-02   6.8052386E-06
  83.8000031   1.0101010E-02   6.7382334E-06
  83.9000015   1.0101010E-02   6.6719463E-06
  84.0000000   1.0101010E-02   6.6063758E-06
  84.0999985   1.0101010E-02   6.5415097E-06
  84.2000046   1.0101010E-02   6.4773362E-06
  84.3000031   1.0101010E-02   6.4138567E-06
  84.4000015   1.0101010E-02   6.3510606E-06
  84.5000000   1.0101010E-02   6.2889330E-06
  84.5999985   1.0101010E-02   6.2274748E-06
  84.7000046   1.0101010E-02   6.1666665E-06
  84.8000031   1.0101010E-02   6.1065148E-06
  84.9000015   1.0101010E-02   6.0470065E-06
  85.0000000   1.0101010E-02   5.9881299E-06
  85.0999985   1.0101010E-02   5.9298845E-06
  85.2000046   1.0101010E-02   5.8722512E-06
  85.3000031   1.0101010E-02   5.8152391E-06
  85.4000015   1.0101010E-02   5.7588300E-06
  85.5000000   1.0101010E-02   5.7030215E-06
  85.5999985   1.0101010E-02   5.6478048E-06
  85.7000046   1.0101010E-02   5.5931705E-06
  85.8000031   1.0101010E-02   5.5391188E-06
  85.9000015   1.0101010E-02   5.4856382E-06
  86.0000000   1.0101010E-02   5.4327238E-06
  86.0999985   1.0101010E-02   5.3803665E-06
  86.2000046   1.0101010E-02   5.3285594E-06
  86.3000031   1.0101010E-02   5.2773007E-06
  86.4000015   1.0101010E-02   5.2265837E-06
  86.5000000   1.0101010E-02   5.1764000E-06
  86.5999985   1.0101010E-02   5.1267439E-06
  86.7000046   1.0101010E-02   5.0776048E-06
  86.8000031   1.0101010E-02   5.0289864E-06
  86.9000015   1.0101010E-02   4.9808777E-06
  87.0000000   1.0101010E-02   4.9332721E-06
  87.0999985   1.0101010E-02   4.8861652E-06
  87.2000046   1.0101010E-02   4.8395477E-06
  87.3000031   1.0101010E-02   4.7934218E-06
  87.4000015   1.0101010E-02   4.7477747E-06
  87.5000000   1.0101010E-02   4.7026060E-06
  87.5999985   1.0101010E-02   4.6579066E-06
  87.7000046   1.0101010E-02   4.6136688E-06
  87.8000031   1.0101010E-02   4.5698953E-06
  87.9000015   1.0101010E-02   4.5265774E-06
  88.0000000   1.0101010E-02   4.4837075E-06
  88.0999985   1.0101010E-02   4.4412832E-06
  88.2000046   1.0101010E-02   4.3992959E-06
  88.3000031   1.0101010E-02   4.3577452E-06
  88.4000015   1.0101010E-02   4.3166242E-06
  88.5000000   1.0101010E-02   4.2759298E-06
  88.5999985   1.0101010E-02   4.2356551E-06
  88.7000046   1.0101010E-02   4.1957924E-06
  88.8000031   1.0101010E-02   4.1563444E-06
  88.9000015   1.0101010E-02   4.1173003E-06
  89.0000000   1.0101010E-02   4.0786599E-06
  89.0999985   1.0101010E-02   4.0404170E-06
  89.2000046   1.0101010E-02   4.0025629E-06
  89.3000031   1.0101010E-02   3.9650999E-06
  89.4000015   1.0101010E-02   3.9280208E-06
  89.5000000   1.0101010E-02   3.8913236E-06
  89.5999985   1.0101010E-02   3.8550002E-06
  89.7000046   1.0101010E-02   3.8190469E-06
  89.8000031   1.0101010E-02   3.7834623E-06
  89.9000015   1.0101010E-02   3.7482412E-06
  90.0000000   1.0101010E-02   3.7133782E-06
  90.0999985   1.0101010E-02   3.6788722E-06
  90.2000046   1.0101010E-02   3.6447145E-06
  90.3000031   1.0101010E-02   3.6109054E-06
  90.4000015   1.0101010E-02   3.5774410E-06
  90.5000000   1.0101010E-02   3.5443163E-06
  90.5999985   1.0101010E-02   3.5115286E-06
  90.7000046   1.0101010E-02   3.4790683E-06
  90.8000031   1.0101010E-02   3.4469422E-06
  90.9000015   1.0101010E-02   3.4151381E-06
  91.0000000   1.0101010E-02   3.3836566E-06
  91.0999985   1.0101010E-02   3.3524939E-06
  91.2000046   1.0101010E-02   3.3216418E-06
  91.3000031   1.0101010E-02   3.2911039E-06
  91.4000015   1.0101010E-02   3.2608732E-06
  91.5000000   1.0101010E-02   3.2309479E-06
  91.5999985   1.0101010E-02   3.2013218E-06
  91.7000046   1.0101010E-02   3.1719921E-06
  91.8000031   1.0101010E-02   3.1429586E-06
  91.9000015   1.0101010E-02   3.1142172E-06
  92.0000000   1.0101010E-02   3.0857623E-06
  92.0999985   1.0101010E-02   3.0575925E-06
  92.2000046   1.0101010E-02   3.0297035E-06
  92.3000031   1.0101010E-02   3.0020944E-06
  92.4000015   1.0101010E-02   2.9747616E-06
  92.5000000   1.0101010E-02   2.9477014E-06
  92.5999985   1.0101010E-02   2.9209095E-06
  92.7000046   1.0101010E-02   2.8943841E-06
  92.8000031   1.0101010E-02   2.8681238E-06
  92.9000015   1.0101010E-02   2.8421250E-06
  93.0000000   1.0101010E-02   2.8163834E-06
  93.0999985   1.0101010E-02   2.7908986E-06
  93.2000046   1.0101010E-02   2.7656633E-06
  93.3000031   1.0101010E-02   2.7406813E-06
  93.4000015   1.0101010E-02   2.7159454E-06
  93.5000000   1.0101010E-02   2.6914547E-06
  93.5999985   1.0101010E-02   2.6672058E-06
  93.7000046   1.0101010E-02   2.6431944E-06
  93.8000031   1.0101010E-02   2.6194214E-06
  93.9000015   1.0101010E-02   2.5958830E-06
  94.0000000   1.0101010E-02   2.5725765E-06
  94.0999985   1.0101010E-02   2.5494996E-06
  94.2000046   1.0101010E-02   2.5266479E-06
  94.3000031   1.0101010E-02   2.5040210E-06
  94.4000015   1.0101010E-02   2.4816179E-06
  94.5000000   1.0101010E-02   2.4594335E-06
  94.5999985   1.0101010E-02   2.4374663E-06
  94.7000046   1.0101010E-02   2.4157132E-06
  94.8000031   1.0101010E-02   2.3941736E-06
  94.9000015   1.0101010E-02   2.3728446E-06
  95.0000000   1.0101010E-02   2.3517246E-06
  95.0999985   1.0101010E-02   2.3308089E-06
  95.2000046   1.0101010E-02   2.3100984E-06
  95.3000031   1.0101010E-02   2.2895888E-06
  95.4000015   1.0101010E-02   2.2692795E-06
  95.5000000   1.0101010E-02   2.2491679E-06
  95.5999985   1.0101010E-02   2.2292513E-06
  95.7000046   1.0101010E-02   2.2095262E-06
  95.8000031   1.0101010E-02   2.1899941E-06
  95.9000015   1.0101010E-02   2.1706517E-06
  96.0000000   1.0101010E-02   2.1514954E-06
  96.0999985   1.0101010E-02   2.1325254E-06
  96.2000046   1.0101010E-02   2.1137369E-06
  96.3000031   1.0101010E-02   2.0951311E-06
  96.4000015   1.0101010E-02   2.0767052E-06
  96.5000000   1.0101010E-02   2.0584564E-06
  96.5999985   1.0101010E-02   2.0403836E-06
  96.7000046   1.0101010E-02   2.0224834E-06
  96.8000031   1.0101010E-02   2.0047571E-06
  96.9000015   1.0101010E-02   1.9872002E-06
  97.0000000   1.0101010E-02   1.9698130E-06
  97.0999985   1.0101010E-02   1.9525914E-06
  97.2000046   1.0101010E-02   1.9355341E-06
  97.3000031   1.0101010E-02   1.9186414E-06
  97.4000015   1.0101010E-02   1.9019100E-06
  97.5000000   1.0101010E-02   1.8853385E-06
  97.5999985   1.0101010E-02   1.8689258E-06
  97.7000046   1.0101010E-02   1.8526680E-06
  97.8000031   1.0101010E-02   1.8365668E-06
  97.9000015   1.0101010E-02   1.8206188E-06
  98.0000000   1.0101010E-02   1.8048224E-06
  98.0999985   1.0101010E-02   1.7891761E-06
  98.2000046   1.0101010E-02   1.7736776E-06
  98.3000031   1.0101010E-02   1.7583274E-06
  98.4000015   1.0101010E-02   1.7431228E-06
  98.5000000   1.0101010E-02   1.7280627E-06
  98.5999985   1.0101010E-02   1.7131447E-06
  98.7000046   1.0101010E-02   1.6983669E-06
  98.8000031   1.0101010E-02   1.6837304E-06
  98.9000015   1.0101010E-02   1.6692316E-06
  99.0000000   1.0101010E-02   1.6548697E-06
  99.0999985   1.0101010E-02   1.6406433E-06
  99.2000046   1.0101010E-02   1.6265500E-06
  99.3000031   1.0101010E-02   1.6125906E-06
  99.4000015   1.0101010E-02   1.5987624E-06
  99.5000000   1.0101010E-02   1.5850640E-06
  99.5999985   1.0101010E-02   1.5714944E-06
  99.7000046   1.0101010E-02   1.5580514E-06
  99.8000031   1.0101010E-02   1.5447348E-06
  99.9000015   1.0101010E-02   1.5315436E-06
   1.0000000E+02   1.0101010E-02   1.5184759E-06
   1.0010000E+02   0.0000000   0.0000000
   1.0020000E+02   0.0000000   0.0000000
   1.0030000E+02   0.0000000   0.0000000
   1.0040000E+02   0.0000000   0.0000000
   1.0050000E+02   0.0000000   0.0000000
   1.0060000E+02   0.0000000   0.0000000
   1.0070000E+02   0.0000000   0.0000000
   1.0080000E+02   0.0000000   0.0000000
   1.0090000E+02   0.0000000   0.0000000
   1.0100000E+02   0.0000000   0.0000000
   1.0110000E+02   0.0000000   0.0000000
   1.0120000E+02   0.0000000   0.0000000
   1.0130000E+02   0.0000000   0.0000000
   1.0140000E+02   0.0000000   0.0000000
   1.0150000E+02   0.0000000   0.0000000
   1.0160000E+02   0.0000000   0.0000000
   1.0170000E+02   0.0000000   0.0000000
   1.0180000E+02   0.0000000   0.0000000
   1.0190000E+02   0.0000000   0.0000000
   1.0200000E+02   0.0000000   0.0000000
   1.0210000E+02   0.0000000   0.0000000
   1.0220000E+02   0.0000000   0.0000000
   1.0230000E+02   0.0000000   0.0000000
   1.0240000E+02   0.0000000   0.0000000
   1.0250000E+02   0.0000000   0.0000000
   1.0260000E+02   0.0000000   0.0000000
   1.0270000E+02   0.0000000   0.0000000
   1.0280000E+02   0.0000000   0.0000000
   1.0290000E+02   0.0000000   0.0000000
   1.0300000E+02   0.0000000   0.0000000
   1.0310000E+02   0.0000000   0.0000000
   1.0320000E+02   0.0000000   0.0000000
   1.0330000E+02   0.0000000   0.0000000
   1.0340000E+02   0.0000000   0.0000000
   1.0350000E+02   0.0000000   0.0000000
   1.0360000E+02   0.0000000   0.0000000
   1.0370000E+02   0.0000000   0.0000000
   1.0380000E+02   0.0000000   0.0000000
   1.0390000E+02   0.0000000   0.0000000
   1.0400000E+02   0.0000000   0.0000000
   1.0410000E+02   0.0000000   0.0000000
   1.0420000E+02   0.0000000   0.0000000
   1.0430000E+02   0.0000000   0.0000000
   1.0440000E+02   0.0000000   0.0000000
   1.0450000E+02   0.0000000   0.0000000
   1.0460000E+02   0.0000000   0.0000000
   1.0470000E+02   0.0000000   0.0000000
   1.0480000E+02   0.0000000   0.0000000
   1.0490000E+02   0.0000000   0.0000000
   1.0500000E+02   0.0000000   0.0000000
