  -2.4516040E-02   0.0000000
  -1.1004685   0.6931472
  -0.4058177   1.0986123
  -0.2515429   1.3862944
  -0.1842028   1.6094379
  -0.1457934   1.7917595
  -0.1202605   1.9459101
  -0.1022013   2.0794415
  -8.9197807E-02   2.1972246
  -7.8617007E-02   2.3025851
  -7.0350476E-02   2.3978953
  -6.3652635E-02   2.4849067
  -5.8145035E-02   2.5649493
  -5.3521551E-02   2.6390574
  -4.9564011E-02   2.7080503
  -4.6116296E-02   2.7725887
  -4.3059755E-02   2.8332133
  -4.0491391E-02   2.8903718
  -3.8181607E-02   2.9444389
  -3.6128812E-02   2.9957323
  -3.4295417E-02   3.0445225
  -3.2607928E-02   3.0910425
  -3.1072434E-02   3.1354942
  -2.9682407E-02   3.1780539
  -2.8429827E-02   3.2188759
  -2.7275464E-02   3.2580965
  -2.6202830E-02   3.2958369
  -2.5227128E-02   3.3322046
  -2.4315216E-02   3.3672957
  -2.3463203E-02   3.4011974
  -2.2650139E-02   3.4339871
  -2.1899208E-02   3.4657359
  -2.1202538E-02   3.4965076
  -2.0553747E-02   3.5263605
  -1.9942408E-02   3.5553482
  -1.9362554E-02   3.5835190
  -1.8822759E-02   3.6109178
  -1.8296428E-02   3.6375861
  -1.7805262E-02   3.6635616
  -1.7350541E-02   3.6888795
  -1.6911849E-02   3.7135720
  -1.6497772E-02   3.7376697
  -1.6100582E-02   3.7612002
  -1.5726013E-02   3.7841897
  -1.5359636E-02   3.8066626
  -1.5019047E-02   3.8286414
  -1.4694482E-02   3.8501475
  -1.4376129E-02   3.8712010
  -1.4073534E-02   3.8918202
  -1.3784869E-02   3.9120231
  -1.3503779E-02   3.9318256
  -1.3236237E-02   3.9512436
  -1.2978005E-02   3.9702919
  -1.2731309E-02   3.9889841
  -1.2491676E-02   4.0073333
  -1.2262056E-02   4.0253515
  -1.2042502E-02   4.0430512
  -1.1825349E-02   4.0604429
  -1.1618616E-02   4.0775375
  -1.1419883E-02   4.0943446
  -1.1230291E-02   4.1108737
  -1.1042724E-02   4.1271343
  -1.0862302E-02   4.1431346
  -1.0686793E-02   4.1588831
  -1.0519386E-02   4.1743875
  -1.0355742E-02   4.1896548
  -1.0197301E-02   4.2046928
  -1.0041657E-02   4.2195077
  -9.8923566E-03   4.2341065
  -9.7487960E-03   4.2484951
  -9.6092289E-03   4.2626801
  -9.4740735E-03   4.2766662
  -9.3409214E-03   4.2904596
  -9.2120580E-03   4.3040652
  -9.0859784E-03   4.3174882
  -8.9637637E-03   4.3307333
  -8.8444510E-03   4.3438053
  -8.7299021E-03   4.3567090
  -8.6175306E-03   4.3694477
  -8.5084774E-03   4.3820267
  -8.4020812E-03   4.3944492
  -8.2976799E-03   4.4067192
  -8.1951525E-03   4.4188404
  -8.0960011E-03   4.4308167
  -7.9977596E-03   4.4426513
  -7.9021119E-03   4.4543471
  -7.8092362E-03   4.4659081
  -7.7177510E-03   4.4773369
  -7.6300576E-03   4.4886365
  -7.5439936E-03   4.4998097
  -7.4591981E-03   4.5108595
  -7.3770522E-03   4.5217886
  -7.2955731E-03   4.5325994
  -7.2164419E-03   4.5432949
  -7.1383975E-03   4.5538769
  -7.0633008E-03   4.5643482
  -6.9885701E-03   4.5747108
  -6.9160052E-03   4.5849676
  -6.8449462E-03   4.5951200
  -6.7747319E-03   4.6051702
  -6.7069833E-03   4.6151204
  -6.6406191E-03   4.6249728
  -6.5751593E-03   4.6347289
  -6.5107839E-03   4.6443911
  -6.4479718E-03   4.6539602
  -6.3860039E-03   4.6634393
  -6.3257795E-03   4.6728287
  -6.2668179E-03   4.6821313
  -6.2086396E-03   4.6913481
  -6.1508245E-03   4.7004805
  -6.0939724E-03   4.7095304
  -6.0387426E-03   4.7184987
  -5.9848349E-03   4.7273879
  -5.9322491E-03   4.7361984
  -5.8797863E-03   4.7449322
  -5.8289445E-03   4.7535901
  -5.7784654E-03   4.7621741
  -5.7285880E-03   4.7706847
  -5.6800921E-03   4.7791233
  -5.6325574E-03   4.7874918
  -5.5852649E-03   4.7957907
  -5.5388738E-03   4.8040209
  -5.4929042E-03   4.8121843
  -5.4479553E-03   4.8202815
  -5.4031885E-03   4.8283138
  -5.3596818E-03   4.8362818
  -5.3171362E-03   4.8441873
  -5.2748919E-03   4.8520303
  -5.2334280E-03   4.8598123
  -5.1925052E-03   4.8675346
  -5.1523033E-03   4.8751974
  -5.1127616E-03   4.8828020
  -5.0741206E-03   4.8903489
  -5.0353608E-03   4.8978400
  -4.9977410E-03   4.9052749
  -4.9604815E-03   4.9126549
  -4.9243020E-03   4.9199810
  -4.8878840E-03   4.9272537
  -4.8521864E-03   4.9344740
  -4.8170290E-03   4.9416423
  -4.7826511E-03   4.9487600
  -4.7485740E-03   4.9558272
  -4.7150375E-03   4.9628448
  -4.6821004E-03   4.9698133
  -4.6493444E-03   4.9767337
  -4.6172477E-03   4.9836068
  -4.5855716E-03   4.9904327
  -4.5541357E-03   4.9972124
  -4.5230603E-03   5.0039463
  -4.4927639E-03   5.0106354
  -4.4627679E-03   5.0172796
  -4.4331322E-03   5.0238805
  -4.4040359E-03   5.0304379
  -4.3750005E-03   5.0369525
  -4.3463851E-03   5.0434251
  -4.3181293E-03   5.0498562
  -4.2903535E-03   5.0562458
  -4.2629978E-03   5.0625949
  -4.2360015E-03   5.0689044
  -4.2092456E-03   5.0751739
  -4.1831485E-03   5.0814042
  -4.1571120E-03   5.0875964
  -4.1314955E-03   5.0937500
  -4.1059991E-03   5.0998664
  -4.0804436E-03   5.1059456
  -4.0555466E-03   5.1119876
  -4.0313089E-03   5.1179938
  -4.0071919E-03   5.1239638
  -3.9831945E-03   5.1298985
  -3.9596767E-03   5.1357985
  -3.9363392E-03   5.1416636
  -3.9131814E-03   5.1474943
  -3.8903831E-03   5.1532917
  -3.8678248E-03   5.1590552
  -3.8455063E-03   5.1647859
  -3.8234277E-03   5.1704841
  -3.8018283E-03   5.1761498
  -3.7802891E-03   5.1817837
  -3.7589299E-03   5.1873860
  -3.7379900E-03   5.1929569
  -3.7171103E-03   5.1984968
  -3.6965301E-03   5.2040067
  -3.6760699E-03   5.2094860
  -3.6560290E-03   5.2149358
  -3.6358689E-03   5.2203560
  -3.6161279E-03   5.2257466
  -3.5967464E-03   5.2311087
  -3.5774249E-03   5.2364421
  -3.5582832E-03   5.2417469
  -3.5393212E-03   5.2470241
  -3.5207188E-03   5.2522736
  -3.5022362E-03   5.2574954
  -3.4839332E-03   5.2626901
  -3.4658699E-03   5.2678580
  -3.4479864E-03   5.2729998
  -3.4301630E-03   5.2781148
  -3.4126390E-03   5.2832036
  -3.3952948E-03   5.2882671
  -3.3780106E-03   5.2933049
  -3.3609660E-03   5.2983174
  -3.3441607E-03   5.3033047
  -3.3274756E-03   5.3082676
  -3.3108504E-03   5.3132062
  -3.2944647E-03   5.3181200
  -3.2782587E-03   5.3230100
  -3.2621126E-03   5.3278761
  -3.2462659E-03   5.3327188
  -3.2305990E-03   5.3375382
  -3.2149919E-03   5.3423343
  -3.1995047E-03   5.3471074
  -3.1842568E-03   5.3518581
  -3.1691887E-03   5.3565865
  -3.1541209E-03   5.3612924
  -3.1393520E-03   5.3659759
  -3.1247032E-03   5.3706379
  -3.1101143E-03   5.3752785
  -3.0955852E-03   5.3798971
  -3.0810565E-03   5.3844953
  -3.0670662E-03   5.3890719
  -3.0528966E-03   5.3936276
  -3.0389663E-03   5.3981628
  -3.0252754E-03   5.4026775
  -3.0116444E-03   5.4071717
  -2.9980734E-03   5.4116459
  -2.9848015E-03   5.4161005
  -2.9714701E-03   5.4205351
  -2.9581387E-03   5.4249501
  -2.9451663E-03   5.4293456
  -2.9321343E-03   5.4337220
  -2.9194013E-03   5.4380794
  -2.9066685E-03   5.4424176
  -2.8940553E-03   5.4467373
  -2.8815619E-03   5.4510384
  -2.8691285E-03   5.4553213
  -2.8568746E-03   5.4595857
  -2.8445609E-03   5.4638319
  -2.8324865E-03   5.4680600
  -2.8205318E-03   5.4722705
  -2.8086968E-03   5.4764633
  -2.7969219E-03   5.4806390
  -2.7852664E-03   5.4847970
  -2.7737308E-03   5.4889379
  -2.7621952E-03   5.4930615
  -2.7508987E-03   5.4971681
  -2.7395426E-03   5.5012584
  -2.7283661E-03   5.5053315
  -2.7171897E-03   5.5093884
  -2.7060730E-03   5.5134287
  -2.6951956E-03   5.5174527
  -2.6843185E-03   5.5214610
  -2.6735608E-03   5.5254531
  -2.6628033E-03   5.5294290
  -2.6523448E-03   5.5333896
  -2.6418862E-03   5.5373344
  -2.6314878E-03   5.5412636
  -2.6211489E-03   5.5451775
  -2.6108702E-03   5.5490761
  -2.6006512E-03   5.5529594
  -2.5904921E-03   5.5568280
  -2.5805123E-03   5.5606818
  -2.5706522E-03   5.5645204
  -2.5607324E-03   5.5683446
  -2.5509321E-03   5.5721540
  -2.5412517E-03   5.5759492
  -2.5315711E-03   5.5797300
  -2.5220104E-03   5.5834961
  -2.5124494E-03   5.5872488
  -2.5030083E-03   5.5909872
  -2.4936269E-03   5.5947113
  -2.4843055E-03   5.5984221
  -2.4751634E-03   5.6021190
  -2.4659017E-03   5.6058021
  -2.4567598E-03   5.6094718
  -2.4477972E-03   5.6131282
  -2.4388942E-03   5.6167712
  -2.4300513E-03   5.6204009
  -2.4212084E-03   5.6240177
  -2.4124850E-03   5.6276212
  -2.4037617E-03   5.6312118
  -2.3951582E-03   5.6347895
  -2.3864948E-03   5.6383548
  -2.3779511E-03   5.6419072
  -2.3695268E-03   5.6454468
  -2.3611025E-03   5.6489744
  -2.3527979E-03   5.6524892
  -2.3445531E-03   5.6559920
  -2.3363086E-03   5.6594820
  -2.3282431E-03   5.6629605
  -2.3201180E-03   5.6664267
  -2.3120528E-03   5.6698809
  -2.3040471E-03   5.6733232
  -2.2961614E-03   5.6767540
  -2.2883352E-03   5.6801724
  -2.2805091E-03   5.6835799
  -2.2727428E-03   5.6869755
  -2.2650363E-03   5.6903596
  -2.2573897E-03   5.6937323
  -2.2496833E-03   5.6970935
  -2.2421563E-03   5.7004437
  -2.2346890E-03   5.7037826
  -2.2271620E-03   5.7071104
  -2.2196949E-03   5.7104268
  -2.2124071E-03   5.7137327
  -2.2049996E-03   5.7170277
  -2.1978314E-03   5.7203116
  -2.1906034E-03   5.7235851
  -2.1834350E-03   5.7268476
  -2.1763267E-03   5.7300997
  -2.1692184E-03   5.7333412
  -2.1621697E-03   5.7365723
  -2.1551808E-03   5.7397928
  -2.1481921E-03   5.7430034
  -2.1413229E-03   5.7462034
  -2.1343939E-03   5.7493930
  -2.1277040E-03   5.7525725
  -2.1208946E-03   5.7557421
  -2.1141451E-03   5.7589016
  -2.1073956E-03   5.7620516
  -2.1008251E-03   5.7651911
  -2.0943743E-03   5.7683210
  -2.0877444E-03   5.7714410
  -2.0812338E-03   5.7745514
  -2.0747234E-03   5.7776523
  -2.0683326E-03   5.7807436
  -2.0620015E-03   5.7838254
  -2.0556105E-03   5.7868972
  -2.0492794E-03   5.7899604
  -2.0430081E-03   5.7930136
  -2.0367368E-03   5.7960577
  -2.0304658E-03   5.7990928
  -2.0244333E-03   5.8021183
  -2.0182817E-03   5.8051348
  -2.0121301E-03   5.8081427
  -2.0060979E-03   5.8111410
  -1.9999463E-03   5.8141303
  -1.9940336E-03   5.8171110
  -1.9880612E-03   5.8200831
  -1.9821487E-03   5.8230457
  -1.9763557E-03   5.8260002
  -1.9705028E-03   5.8289456
  -1.9647097E-03   5.8318825
  -1.9589167E-03   5.8348107
  -1.9532433E-03   5.8377304
  -1.9475099E-03   5.8406415
  -1.9417768E-03   5.8435445
  -1.9361631E-03   5.8464389
  -1.9305494E-03   5.8493247
  -1.9249954E-03   5.8522024
  -1.9195013E-03   5.8550720
  -1.9139474E-03   5.8579330
  -1.9084533E-03   5.8607864
  -1.9029592E-03   5.8636312
  -1.8975249E-03   5.8664680
  -1.8921503E-03   5.8692970
  -1.8867757E-03   5.8721180
  -1.8815206E-03   5.8749309
  -1.8762058E-03   5.8777356
  -1.8709508E-03   5.8805332
  -1.8657555E-03   5.8833222
  -1.8605005E-03   5.8861041
  -1.8553650E-03   5.8888779
  -1.8501697E-03   5.8916440
  -1.8450940E-03   5.8944030
  -1.8399585E-03   5.8971539
  -1.8349425E-03   5.8998976
  -1.8298072E-03   5.9026332
  -1.8248509E-03   5.9053617
  -1.8198349E-03   5.9080830
  -1.8148788E-03   5.9107966
  -1.8099824E-03   5.9135032
  -1.8051456E-03   5.9162021
  -1.8002492E-03   5.9188938
  -1.7953529E-03   5.9215784
  -1.7905759E-03   5.9242558
  -1.7857990E-03   5.9269261
  -1.7810819E-03   5.9295893
  -1.7762453E-03   5.9322453
  -1.7715282E-03   5.9348941
  -1.7668707E-03   5.9375362
  -1.7622134E-03   5.9401712
  -1.7576157E-03   5.9427996
  -1.7529584E-03   5.9454207
  -1.7483011E-03   5.9480348
  -1.7437035E-03   5.9506426
  -1.7392254E-03   5.9532433
  -1.7346876E-03   5.9558372
  -1.7302094E-03   5.9584246
  -1.7256717E-03   5.9610052
  -1.7212533E-03   5.9635792
  -1.7169544E-03   5.9661469
  -1.7124764E-03   5.9687076
  -1.7080581E-03   5.9712620
  -1.7036995E-03   5.9738097
  -1.6994007E-03   5.9763508
  -1.6949824E-03   5.9788857
  -1.6907434E-03   5.9814143
  -1.6863849E-03   5.9839363
  -1.6822055E-03   5.9864521
  -1.6779067E-03   5.9889612
  -1.6737274E-03   5.9914646
  -1.6695481E-03   5.9939613
  -1.6653688E-03   5.9964519
  -1.6611896E-03   5.9989367
  -1.6571297E-03   6.0014148
  -1.6529504E-03   6.0038872
  -1.6488907E-03   6.0063534
  -1.6447712E-03   6.0088134
  -1.6407113E-03   6.0112672
  -1.6367113E-03   6.0137153
  -1.6327710E-03   6.0161572
  -1.6287112E-03   6.0185933
  -1.6247709E-03   6.0210233
  -1.6207709E-03   6.0234475
  -1.6168903E-03   6.0258660
  -1.6130098E-03   6.0282784
  -1.6091292E-03   6.0306854
  -1.6052487E-03   6.0330863
  -1.6013085E-03   6.0354815
  -1.5976070E-03   6.0378709
  -1.5937266E-03   6.0402546
  -1.5899655E-03   6.0426331
  -1.5862045E-03   6.0450053
  -1.5823838E-03   6.0473723
  -1.5786227E-03   6.0497336
  -1.5749810E-03   6.0520892
  -1.5712201E-03   6.0544395
  -1.5675785E-03   6.0567842
  -1.5638175E-03   6.0591230
  -1.5601759E-03   6.0614572
  -1.5565343E-03   6.0637851
  -1.5528928E-03   6.0661082
  -1.5493110E-03   6.0684257
  -1.5456695E-03   6.0707378
  -1.5421474E-03   6.0730443
  -1.5386253E-03   6.0753460
  -1.5351032E-03   6.0776424
  -1.5315214E-03   6.0799332
  -1.5280590E-03   6.0822191
  -1.5245967E-03   6.0844994
  -1.5210150E-03   6.0867748
  -1.5176124E-03   6.0890450
  -1.5140903E-03   6.0913100
  -1.5106878E-03   6.0935698
  -1.5072852E-03   6.0958247
  -1.5038826E-03   6.0980744
  -1.5004800E-03   6.1003189
  -1.4971371E-03   6.1025586
  -1.4937345E-03   6.1047931
  -1.4903918E-03   6.1070228
  -1.4870489E-03   6.1092477
  -1.4837658E-03   6.1114674
  -1.4804826E-03   6.1136823
  -1.4772592E-03   6.1158919
  -1.4739165E-03   6.1180973
  -1.4706930E-03   6.1202974
  -1.4674697E-03   6.1224928
  -1.4642463E-03   6.1246834
  -1.4610826E-03   6.1268692
  -1.4578593E-03   6.1290503
  -1.4545763E-03   6.1312265
  -1.4515320E-03   6.1333981
  -1.4483684E-03   6.1355648
  -1.4451450E-03   6.1377273
  -1.4420411E-03   6.1398845
  -1.4389969E-03   6.1420374
  -1.4358930E-03   6.1441855
  -1.4328489E-03   6.1463294
  -1.4297449E-03   6.1484685
  -1.4267007E-03   6.1506028
  -1.4236566E-03   6.1527328
  -1.4206124E-03   6.1548581
  -1.4175683E-03   6.1569791
  -1.4146435E-03   6.1590953
  -1.4115993E-03   6.1612072
  -1.4086149E-03   6.1633148
  -1.4056305E-03   6.1654177
  -1.4027058E-03   6.1675167
  -1.3997214E-03   6.1696105
  -1.3967967E-03   6.1717005
  -1.3938720E-03   6.1737862
  -1.3909473E-03   6.1758671
  -1.3880823E-03   6.1779442
  -1.3851576E-03   6.1800165
  -1.3822926E-03   6.1820850
  -1.3794276E-03   6.1841488
  -1.3766224E-03   6.1862087
  -1.3738170E-03   6.1882639
  -1.3709521E-03   6.1903152
  -1.3681469E-03   6.1923623
  -1.3653416E-03   6.1944056
  -1.3625961E-03   6.1964440
  -1.3597311E-03   6.1984787
  -1.3569855E-03   6.2005091
  -1.3542400E-03   6.2025356
  -1.3514945E-03   6.2045579
  -1.3487490E-03   6.2065759
  -1.3460632E-03   6.2085900
  -1.3433177E-03   6.2105999
  -1.3406319E-03   6.2126060
  -1.3379460E-03   6.2146082
  -1.3352602E-03   6.2166061
  -1.3326341E-03   6.2186003
  -1.3299483E-03   6.2205901
  -1.3273222E-03   6.2225761
  -1.3246962E-03   6.2245584
  -1.3220104E-03   6.2265368
  -1.3193843E-03   6.2285109
  -1.3168179E-03   6.2304816
  -1.3141920E-03   6.2324481
  -1.3115659E-03   6.2344108
  -1.3089995E-03   6.2363696
  -1.3064331E-03   6.2383246
  -1.3038669E-03   6.2402759
  -1.3013602E-03   6.2422233
  -1.2988535E-03   6.2441669
  -1.2962872E-03   6.2461066
  -1.2937805E-03   6.2480431
  -1.2912739E-03   6.2499752
  -1.2887076E-03   6.2519040
  -1.2862607E-03   6.2538290
  -1.2837540E-03   6.2557502
  -1.2813071E-03   6.2576675
  -1.2788601E-03   6.2595816
  -1.2764133E-03   6.2614918
  -1.2740260E-03   6.2633982
  -1.2715792E-03   6.2653012
  -1.2691920E-03   6.2672005
  -1.2668048E-03   6.2690964
  -1.2644175E-03   6.2709885
  -1.2620303E-03   6.2728772
  -1.2595834E-03   6.2747622
  -1.2571963E-03   6.2766433
  -1.2548687E-03   6.2785215
  -1.2524219E-03   6.2803960
  -1.2500944E-03   6.2822666
  -1.2477669E-03   6.2841344
  -1.2454394E-03   6.2859979
  -1.2431716E-03   6.2878585
  -1.2407248E-03   6.2897158
  -1.2384570E-03   6.2915692
  -1.2361893E-03   6.2934194
  -1.2339215E-03   6.2952662
  -1.2316537E-03   6.2971091
  -1.2293262E-03   6.2989492
  -1.2270585E-03   6.3007860
  -1.2248504E-03   6.3026190
  -1.2225827E-03   6.3044486
  -1.2203746E-03   6.3062754
  -1.2180472E-03   6.3080983
  -1.2158392E-03   6.3099184
  -1.2136311E-03   6.3117347
  -1.2114827E-03   6.3135481
  -1.2092746E-03   6.3153582
  -1.2071263E-03   6.3171649
  -1.2049780E-03   6.3189683
  -1.2027102E-03   6.3207684
  -1.2005619E-03   6.3225651
  -1.1984135E-03   6.3243589
  -1.1962652E-03   6.3261495
  -1.1941169E-03   6.3279366
  -1.1920282E-03   6.3297210
  -1.1898798E-03   6.3315020
  -1.1877912E-03   6.3332796
  -1.1855833E-03   6.3350544
  -1.1834946E-03   6.3368258
  -1.1814060E-03   6.3385940
  -1.1792576E-03   6.3403592
  -1.1771690E-03   6.3421216
  -1.1751401E-03   6.3438807
  -1.1731111E-03   6.3456364
  -1.1710225E-03   6.3473892
  -1.1689937E-03   6.3491392
  -1.1669648E-03   6.3508859
  -1.1649358E-03   6.3526292
  -1.1629069E-03   6.3543701
  -1.1609376E-03   6.3561077
  -1.1587894E-03   6.3578424
  -1.1569395E-03   6.3595738
  -1.1548509E-03   6.3613024
  -1.1528817E-03   6.3630280
  -1.1509125E-03   6.3647509
  -1.1488239E-03   6.3664703
  -1.1468547E-03   6.3681870
  -1.1449452E-03   6.3699012
  -1.1429760E-03   6.3716121
  -1.1410067E-03   6.3733196
  -1.1389779E-03   6.3750248
  -1.1370684E-03   6.3767271
  -1.1351588E-03   6.3784261
  -1.1332494E-03   6.3801227
  -1.1313398E-03   6.3818159
  -1.1294304E-03   6.3835068
  -1.1274612E-03   6.3851943
  -1.1255516E-03   6.3868794
  -1.1237018E-03   6.3885612
  -1.1217326E-03   6.3902407
  -1.1198828E-03   6.3919172
  -1.1180331E-03   6.3935909
  -1.1160639E-03   6.3952618
  -1.1143334E-03   6.3969297
  -1.1123642E-03   6.3985949
  -1.1105145E-03   6.4002576
  -1.1087244E-03   6.4019170
  -1.1068746E-03   6.4035740
  -1.1050844E-03   6.4052286
  -1.1031750E-03   6.4068799
  -1.1013253E-03   6.4085288
  -1.0995351E-03   6.4101748
  -1.0977450E-03   6.4118185
  -1.0959549E-03   6.4134588
  -1.0941051E-03   6.4150968
  -1.0923747E-03   6.4167323
  -1.0905250E-03   6.4183650
  -1.0887946E-03   6.4199948
  -1.0870044E-03   6.4216223
  -1.0852740E-03   6.4232469
  -1.0834839E-03   6.4248691
  -1.0817535E-03   6.4264884
  -1.0799635E-03   6.4281054
  -1.0782330E-03   6.4297194
  -1.0765026E-03   6.4313312
  -1.0747722E-03   6.4329400
  -1.0730419E-03   6.4345465
  -1.0713115E-03   6.4361506
  -1.0695214E-03   6.4377518
  -1.0679103E-03   6.4393506
  -1.0661801E-03   6.4409466
  -1.0645093E-03   6.4425402
  -1.0627193E-03   6.4441314
  -1.0610486E-03   6.4457197
  -1.0593778E-03   6.4473057
  -1.0576475E-03   6.4488893
  -1.0559768E-03   6.4504704
  -1.0543658E-03   6.4520488
  -1.0526951E-03   6.4536252
  -1.0509647E-03   6.4551988
  -1.0494133E-03   6.4567695
  -1.0476831E-03   6.4583383
  -1.0460720E-03   6.4599047
  -1.0444610E-03   6.4614682
  -1.0427904E-03   6.4630294
  -1.0411197E-03   6.4645882
  -1.0395086E-03   6.4661446
  -1.0378977E-03   6.4676986
  -1.0362867E-03   6.4692502
  -1.0346160E-03   6.4707994
  -1.0330647E-03   6.4723463
  -1.0314537E-03   6.4738908
  -1.0299024E-03   6.4754329
  -1.0282914E-03   6.4769726
  -1.0267401E-03   6.4785094
  -1.0252484E-03   6.4800444
  -1.0235778E-03   6.4815769
  -1.0220265E-03   6.4831076
  -1.0204752E-03   6.4846354
  -1.0188642E-03   6.4861608
  -1.0173129E-03   6.4876842
  -1.0157616E-03   6.4892049
  -1.0142700E-03   6.4907236
  -1.0127187E-03   6.4922400
  -1.0111077E-03   6.4937539
  -1.0096758E-03   6.4952655
  -1.0081246E-03   6.4967752
  -1.0066329E-03   6.4982820
  -1.0050816E-03   6.4997869
  -1.0035303E-03   6.5012898
  -1.0020387E-03   6.5027900
  -1.0005471E-03   6.5042882
  -9.9905545E-04   6.5057840
  -9.9756394E-04   6.5072775
  -9.9601259E-04   6.5087690
  -9.9464040E-04   6.5102582
  -9.9308905E-04   6.5117455
  -9.9165714E-04   6.5132303
  -9.9016563E-04   6.5147128
  -9.8873361E-04   6.5161929
  -9.8718237E-04   6.5176711
  -9.8575046E-04   6.5191474
  -9.8431855E-04   6.5206213
  -9.8282692E-04   6.5220928
  -9.8139502E-04   6.5235624
  -9.7990350E-04   6.5250297
  -9.7847159E-04   6.5264950
  -9.7709929E-04   6.5279579
  -9.7566738E-04   6.5294189
  -9.7417581E-04   6.5308776
  -9.7274390E-04   6.5323343
  -9.7137172E-04   6.5337887
  -9.6993981E-04   6.5352411
  -9.6856756E-04   6.5366917
  -9.6719532E-04   6.5381398
  -9.6570374E-04   6.5395861
  -9.6433156E-04   6.5410299
  -9.6295931E-04   6.5424719
  -9.6158707E-04   6.5439119
  -9.6021482E-04   6.5453496
  -9.5884263E-04   6.5467854
  -9.5747039E-04   6.5482192
  -9.5603854E-04   6.5496507
  -9.5466629E-04   6.5510802
  -9.5329410E-04   6.5525079
  -9.5198152E-04   6.5539336
  -9.5060933E-04   6.5553570
  -9.4923715E-04   6.5567784
  -9.4786490E-04   6.5581980
  -9.4661204E-04   6.5596151
  -9.4518019E-04   6.5610309
  -9.4386761E-04   6.5624442
  -9.4255508E-04   6.5638556
  -9.4124256E-04   6.5652652
  -9.3987037E-04   6.5666723
  -9.3855779E-04   6.5680780
  -9.3724526E-04   6.5694814
  -9.3593274E-04   6.5708828
  -9.3462021E-04   6.5722823
  -9.3324803E-04   6.5736804
  -9.3193550E-04   6.5750756
  -9.3068264E-04   6.5764694
  -9.2937012E-04   6.5778613
  -9.2811725E-04   6.5792513
  -9.2680473E-04   6.5806394
  -9.2555187E-04   6.5820251
  -9.2423934E-04   6.5834093
  -9.2292688E-04   6.5847912
  -9.2167401E-04   6.5861716
  -9.2042115E-04   6.5875502
  -9.1922795E-04   6.5889263
  -9.1791543E-04   6.5903010
  -9.1666263E-04   6.5916739
  -9.1540976E-04   6.5930448
  -9.1415690E-04   6.5944133
  -9.1284444E-04   6.5957804
  -9.1165124E-04   6.5971456
  -9.1039838E-04   6.5985088
  -9.0908591E-04   6.5998707
  -9.0789271E-04   6.6012301
  -9.0663991E-04   6.6025877
  -9.0532738E-04   6.6039438
  -9.0419390E-04   6.6052980
  -9.0306037E-04   6.6066504
  -9.0174790E-04   6.6080008
  -9.0049504E-04   6.6093493
  -8.9936156E-04   6.6106958
  -8.9810876E-04   6.6120410
  -8.9685590E-04   6.6133842
  -8.9572242E-04   6.6147256
  -8.9446962E-04   6.6160650
  -8.9333608E-04   6.6174030
  -8.9208328E-04   6.6187391
  -8.9083047E-04   6.6200733
  -8.8969694E-04   6.6214056
  -8.8856346E-04   6.6227365
  -8.8737032E-04   6.6240654
  -8.8611752E-04   6.6253924
  -8.8492437E-04   6.6267176
  -8.8379090E-04   6.6280413
  -8.8259770E-04   6.6293631
  -8.8146422E-04   6.6306834
  -8.8027108E-04   6.6320019
  -8.7907794E-04   6.6333184
  -8.7794446E-04   6.6346335
  -8.7687065E-04   6.6359468
  -8.7567751E-04   6.6372581
  -8.7448437E-04   6.6385679
  -8.7341055E-04   6.6398759
  -8.7221741E-04   6.6411819
  -8.7114359E-04   6.6424866
  -8.6995045E-04   6.6437898
  -8.6875731E-04   6.6450911
  -8.6774316E-04   6.6463904
  -8.6666935E-04   6.6476884
  -8.6547621E-04   6.6489844
  -8.6428312E-04   6.6502790
  -8.6326897E-04   6.6515718
  -8.6207583E-04   6.6528630
  -8.6106168E-04   6.6541524
  -8.5986854E-04   6.6554403
  -8.5885439E-04   6.6567264
  -8.5772097E-04   6.6580110
  -8.5652783E-04   6.6592941
  -8.5539435E-04   6.6605749
  -8.5438025E-04   6.6618547
  -8.5330644E-04   6.6631327
  -8.5217296E-04   6.6644092
  -8.5115881E-04   6.6656837
  -8.5002539E-04   6.6669569
  -8.4889191E-04   6.6682281
  -8.4775849E-04   6.6694980
  -8.4674434E-04   6.6707664
  -8.4567053E-04   6.6720328
  -8.4453711E-04   6.6732979
  -8.4352295E-04   6.6745615
  -8.4250886E-04   6.6758232
  -8.4143505E-04   6.6770835
  -8.4042089E-04   6.6783423
  -8.3934714E-04   6.6795993
  -8.3821372E-04   6.6808548
  -8.3725923E-04   6.6821084
  -8.3612581E-04   6.6833611
  -8.3517132E-04   6.6846118
  -8.3397824E-04   6.6858611
  -8.3296408E-04   6.6871085
  -8.3200965E-04   6.6883545
  -8.3093584E-04   6.6895990
  -8.2986208E-04   6.6908422
  -8.2878832E-04   6.6920838
  -8.2783384E-04   6.6933236
  -8.2676008E-04   6.6945620
  -8.2580559E-04   6.6957989
  -8.2473183E-04   6.6970344
  -8.2377740E-04   6.6982679
  -8.2270359E-04   6.6995006
  -8.2174916E-04   6.7007313
  -8.2067540E-04   6.7019606
  -8.1966131E-04   6.7031879
  -8.1870682E-04   6.7044144
  -8.1763306E-04   6.7056389
  -8.1667863E-04   6.7068624
  -8.1566448E-04   6.7080841
  -8.1471005E-04   6.7093043
  -8.1369595E-04   6.7105231
  -8.1262219E-04   6.7117405
  -8.1172737E-04   6.7129564
  -8.1071327E-04   6.7141705
  -8.0975884E-04   6.7153835
  -8.0874475E-04   6.7165947
  -8.0773066E-04   6.7178049
  -8.0677622E-04   6.7190132
  -8.0576213E-04   6.7202201
  -8.0486730E-04   6.7214255
  -8.0385321E-04   6.7226300
  -8.0289878E-04   6.7238326
  -8.0194435E-04   6.7250338
  -8.0093025E-04   6.7262335
  -8.0003549E-04   6.7274318
  -7.9902139E-04   6.7286286
  -7.9812657E-04   6.7298241
  -7.9711247E-04   6.7310181
  -7.9621770E-04   6.7322106
  -7.9526327E-04   6.7334018
  -7.9430884E-04   6.7345915
  -7.9335441E-04   6.7357802
  -7.9239998E-04   6.7369671
  -7.9150521E-04   6.7381525
  -7.9061044E-04   6.7393365
  -7.8959635E-04   6.7405195
  -7.8864192E-04   6.7417006
  -7.8768749E-04   6.7428808
  -7.8679272E-04   6.7440591
  -7.8583829E-04   6.7452364
  -7.8494352E-04   6.7464123
  -7.8398909E-04   6.7475867
  -7.8303466E-04   6.7487597
  -7.8219955E-04   6.7499313
  -7.8124512E-04   6.7511015
  -7.8035035E-04   6.7522702
  -7.7939598E-04   6.7534380
  -7.7856082E-04   6.7546039
  -7.7760644E-04   6.7557688
  -7.7665201E-04   6.7569323
  -7.7581691E-04   6.7580943
  -7.7486248E-04   6.7592554
  -7.7402737E-04   6.7604146
  -7.7307294E-04   6.7615728
  -7.7217823E-04   6.7627296
  -7.7134307E-04   6.7638850
  -7.7038869E-04   6.7650390
  -7.6955359E-04   6.7661915
  -7.6865882E-04   6.7673430
  -7.6770439E-04   6.7684932
  -7.6686929E-04   6.7696419
  -7.6597458E-04   6.7707896
  -7.6513947E-04   6.7719355
  -7.6424470E-04   6.7730803
  -7.6329027E-04   6.7742238
  -7.6251483E-04   6.7753663
  -7.6167972E-04   6.7765069
  -7.6078501E-04   6.7776465
  -7.5989024E-04   6.7787848
  -7.5893581E-04   6.7799220
  -7.5816037E-04   6.7810578
  -7.5726566E-04   6.7821922
  -7.5637089E-04   6.7833252
  -7.5553579E-04   6.7844572
  -7.5476035E-04   6.7855878
  -7.5380597E-04   6.7867169
  -7.5297087E-04   6.7878451
  -7.5219542E-04   6.7889719
  -7.5130066E-04   6.7900972
  -7.5040595E-04   6.7912216
  -7.4963050E-04   6.7923446
  -7.4873574E-04   6.7934661
  -7.4790069E-04   6.7945867
  -7.4706558E-04   6.7957058
  -7.4629014E-04   6.7968235
  -7.4545504E-04   6.7979403
  -7.4456033E-04   6.7990561
  -7.4378488E-04   6.8001699
  -7.4289012E-04   6.8012829
  -7.4205507E-04   6.8023949
  -7.4127963E-04   6.8035054
  -7.4044452E-04   6.8046145
  -7.3966908E-04   6.8057227
  -7.3877437E-04   6.8068295
  -7.3799893E-04   6.8079348
  -7.3716388E-04   6.8090391
  -7.3638844E-04   6.8101425
  -7.3555333E-04   6.8112445
  -7.3471828E-04   6.8123450
  -7.3394284E-04   6.8134446
  -7.3310779E-04   6.8145428
  -7.3227269E-04   6.8156400
  -7.3149725E-04   6.8167357
  -7.3066220E-04   6.8178306
  -7.2994642E-04   6.8189240
  -7.2911131E-04   6.8200164
  -7.2827627E-04   6.8211074
  -7.2750082E-04   6.8221974
  -7.2666578E-04   6.8232861
  -7.2595000E-04   6.8243737
  -7.2511489E-04   6.8254600
  -7.2439917E-04   6.8265452
  -7.2356407E-04   6.8276291
  -7.2272902E-04   6.8287120
  -7.2201324E-04   6.8297939
  -7.2117819E-04   6.8308744
  -7.2046241E-04   6.8319535
  -7.1962731E-04   6.8330317
  -7.1891159E-04   6.8341088
  -7.1813614E-04   6.8351846
  -7.1730110E-04   6.8362594
  -7.1658532E-04   6.8373327
  -7.1580987E-04   6.8384051
  -7.1497483E-04   6.8394766
  -7.1425905E-04   6.8405466
  -7.1348366E-04   6.8416157
  -7.1264862E-04   6.8426833
  -7.1193284E-04   6.8437500
  -7.1115739E-04   6.8448153
  -7.1044167E-04   6.8458800
  -7.0966623E-04   6.8469429
  -7.0895045E-04   6.8480053
  -7.0817507E-04   6.8490663
  -7.0745929E-04   6.8501263
  -7.0674357E-04   6.8511848
  -7.0596812E-04   6.8522425
  -7.0519274E-04   6.8532991
  -7.0441730E-04   6.8543544
  -7.0370157E-04   6.8554087
  -7.0304546E-04   6.8564620
  -7.0227002E-04   6.8575139
  -7.0149463E-04   6.8585649
  -7.0077885E-04   6.8596148
  -7.0000347E-04   6.8606639
  -6.9928775E-04   6.8617115
  -6.9851230E-04   6.8627577
  -6.9779658E-04   6.8638034
  -6.9702114E-04   6.8648477
  -6.9636508E-04   6.8658910
  -6.9564930E-04   6.8669333
  -6.9487392E-04   6.8679743
  -6.9415814E-04   6.8690143
  -6.9350202E-04   6.8700533
  -6.9272664E-04   6.8710914
  -6.9207052E-04   6.8721280
  -6.9129514E-04   6.8731637
  -6.9057941E-04   6.8741984
  -6.8980397E-04   6.8752322
  -6.8914791E-04   6.8762646
  -6.8849180E-04   6.8772960
  -6.8771641E-04   6.8783264
  -6.8706030E-04   6.8793559
  -6.8634457E-04   6.8803840
  -6.8562879E-04   6.8814111
  -6.8491307E-04   6.8824377
  -6.8425696E-04   6.8834624
  -6.8348157E-04   6.8844867
  -6.8282546E-04   6.8855095
  -6.8210973E-04   6.8865318
  -6.8133435E-04   6.8875527
  -6.8067823E-04   6.8885727
  -6.7996251E-04   6.8895912
  -6.7930639E-04   6.8906093
  -6.7865028E-04   6.8916259
  -6.7793456E-04   6.8926415
  -6.7721884E-04   6.8936563
  -6.7656272E-04   6.8946700
  -6.7584700E-04   6.8956828
  -6.7525054E-04   6.8966942
  -6.7453482E-04   6.8977051
  -6.7387871E-04   6.8987145
  -6.7316298E-04   6.8997231
  -6.7244720E-04   6.9007306
  -6.7179115E-04   6.9017372
  -6.7113503E-04   6.9027429
  -6.7047897E-04   6.9037471
  -6.6976319E-04   6.9047508
  -6.6916679E-04   6.9057531
  -6.6845102E-04   6.9067550
  -6.6773529E-04   6.9077554
